585
123 548
123 1091
123 631
123 375
80 71
80 1088
80 32
118 852
118 1099
118 524
118 1178
118 983
118 822
118 61
118 76
118 254
118 77
118 542
118 71
118 320
118 32
56 852
56 1099
56 524
56 1178
56 983
56 822
56 61
56 76
56 254
56 77
56 542
56 71
56 320
56 32
21 548
21 1091
21 631
21 375
20 852
20 1099
20 524
20 1178
20 983
20 822
20 61
20 76
20 254
20 77
20 542
20 71
20 320
20 32
4 852
4 1099
4 524
4 1178
4 983
4 822
4 61
4 76
4 254
4 77
4 542
4 71
4 320
4 32
19 852
19 1099
19 524
19 1178
19 983
19 822
19 61
19 76
19 254
19 77
19 542
19 71
19 320
19 32
117 666
122 548
122 1091
122 631
122 375
199 548
199 1091
199 631
199 375
214 852
214 1099
214 524
214 1178
214 983
214 822
214 61
214 76
214 254
214 77
214 542
214 71
214 320
214 32
264 1091
264 631
264 375
264 548
35 852
35 1099
35 524
35 1178
35 983
35 822
35 61
35 76
35 254
35 77
35 542
35 71
35 320
35 32
205 530
205 404
205 823
205 548
205 631
205 375
130 548
130 1091
130 631
130 375
84 77
26 1091
26 631
26 548
26 375
147 852
147 1099
147 524
147 1178
147 983
147 822
147 61
147 76
147 254
147 77
147 542
147 71
147 320
147 32
6 548
6 1091
6 631
6 375
55 852
55 1099
55 524
55 1178
55 983
55 822
55 61
55 76
55 254
55 77
55 542
55 71
55 320
55 32
50 548
50 1091
50 631
50 375
108 852
108 1099
108 524
108 1178
108 983
108 822
108 61
108 76
108 254
108 77
108 542
108 71
108 320
108 32
77 852
77 1099
77 524
77 1178
77 983
77 822
77 61
77 76
77 254
77 77
77 542
77 71
77 320
77 32
66 530
66 404
66 823
66 548
66 631
66 375
107 852
107 1099
107 524
107 1178
107 983
107 822
107 61
107 76
107 254
107 77
107 542
107 71
107 320
107 32
141 77
243 666
68 77
57 77
222 530
222 404
222 823
222 548
222 631
222 375
15 852
15 1099
15 524
15 1178
15 983
15 822
15 61
15 76
15 254
15 77
15 542
15 71
15 320
15 32
167 852
167 1099
167 524
167 1178
167 983
167 822
167 61
167 76
167 254
167 77
167 542
167 71
167 320
167 32
72 852
72 1099
72 524
72 1178
72 983
72 822
72 61
72 76
72 254
72 77
72 542
72 71
72 320
72 32
168 852
168 1099
168 524
168 1178
168 983
168 822
168 61
168 76
168 254
168 77
168 542
168 71
168 320
168 32
183 852
183 1099
183 524
183 1178
183 983
183 822
183 61
183 76
183 254
183 77
183 542
183 71
183 320
183 32
54 530
54 404
54 823
54 548
54 631
54 375
92 530
92 404
92 823
92 548
92 631
92 375
218 852
218 1099
218 524
218 1178
218 983
218 822
218 61
218 76
218 254
218 77
218 542
218 71
218 320
218 32
111 71
111 1088
111 32
71 852
71 1099
71 524
71 1178
71 983
71 822
71 61
71 76
71 254
71 77
71 542
71 71
71 320
71 32
100 35
100 842
100 524
100 542
100 254
100 320
100 61
100 32
100 77
100 76
100 71
187 852
187 1099
187 524
187 1178
187 983
187 822
187 61
187 76
187 254
187 77
187 542
187 71
187 320
187 32
219 852
219 1099
219 524
219 1178
219 983
219 822
219 61
219 76
219 254
219 77
219 542
219 71
219 320
219 32
154 71
154 1088
154 32
231 61
248 852
248 1099
248 524
248 1178
248 983
248 822
248 61
248 76
248 254
248 77
248 542
248 71
248 320
248 32
104 35
104 842
104 524
104 542
104 254
104 320
104 61
104 32
104 77
104 76
104 71
40 852
40 1099
40 524
40 1178
40 983
40 822
40 61
40 76
40 254
40 77
40 542
40 71
40 320
40 32
133 530
133 404
133 823
133 548
133 631
133 375
163 852
163 1099
163 524
163 1178
163 983
163 822
163 61
163 76
163 254
163 77
163 542
163 71
163 320
163 32
101 35
101 842
101 524
101 542
101 254
101 320
101 61
101 32
101 77
101 76
101 71
47 548
47 1091
47 631
47 375
262 71
262 1088
262 32
58 548
58 1091
58 631
58 375
76 548
76 1091
76 631
76 375
271 71
271 1088
271 32
164 530
164 404
164 823
164 548
164 631
164 375
28 548
28 1091
28 631
28 375
252 852
252 1099
252 524
252 1178
252 983
252 822
252 61
252 76
252 254
252 77
252 542
252 71
252 320
252 32
215 852
215 1099
215 524
215 1178
215 983
215 822
215 61
215 76
215 254
215 77
215 542
215 71
215 320
215 32
170 548
170 1091
170 631
170 375
261 530
261 404
261 823
261 548
261 631
261 375
79 1091
79 631
79 548
79 375
202 852
202 1099
202 524
202 1178
202 983
202 822
202 61
202 76
202 254
202 77
202 542
202 71
202 320
202 32
126 548
126 1091
126 631
126 375
146 548
146 1091
146 631
146 375
27 548
27 1091
27 631
27 375
212 548
212 1091
212 631
212 375
179 852
179 1099
179 524
179 1178
179 983
179 822
179 61
179 76
179 254
179 77
179 542
179 71
179 320
179 32
88 1091
88 631
88 548
88 375
125 548
125 1091
125 631
125 375
143 530
143 404
143 823
143 548
143 631
143 375
