913
123 548
123 1091
123 631
123 375
161 852
161 1099
161 524
161 1178
161 983
161 822
161 61
161 76
161 254
161 77
161 542
161 71
161 320
161 32
242 548
242 1091
242 631
242 375
56 530
56 404
56 823
56 548
56 631
56 375
21 548
21 1091
21 631
21 375
155 548
155 1091
155 631
155 375
182 530
182 404
182 823
182 548
182 631
182 375
19 530
19 404
19 823
19 548
19 631
19 375
152 548
152 1091
152 631
152 375
122 548
122 1091
122 631
122 375
199 548
199 1091
199 631
199 375
214 852
214 1099
214 524
214 1178
214 983
214 822
214 61
214 76
214 254
214 77
214 542
214 71
214 320
214 32
264 1091
264 631
264 375
264 548
78 852
78 1099
78 524
78 1178
78 983
78 822
78 61
78 76
78 254
78 77
78 542
78 71
78 320
78 32
130 548
130 1091
130 631
130 375
22 548
22 1091
22 631
22 375
237 530
237 404
237 823
237 548
237 631
237 375
195 852
195 1099
195 524
195 1178
195 983
195 822
195 61
195 76
195 254
195 77
195 542
195 71
195 320
195 32
211 530
211 404
211 823
211 548
211 631
211 375
26 1091
26 631
26 548
26 375
191 548
191 1091
191 631
191 375
96 530
96 404
96 823
96 548
96 631
96 375
196 852
196 1099
196 524
196 1178
196 983
196 822
196 61
196 76
196 254
196 77
196 542
196 71
196 320
196 32
166 852
166 1099
166 524
166 1178
166 983
166 822
166 61
166 76
166 254
166 77
166 542
166 71
166 320
166 32
97 852
97 1099
97 524
97 1178
97 983
97 822
97 61
97 76
97 254
97 77
97 542
97 71
97 320
97 32
134 530
134 404
134 823
134 548
134 631
134 375
245 548
245 1091
245 631
245 375
43 852
43 1099
43 524
43 1178
43 983
43 822
43 61
43 76
43 254
43 77
43 542
43 71
43 320
43 32
108 852
108 1099
108 524
108 1178
108 983
108 822
108 61
108 76
108 254
108 77
108 542
108 71
108 320
108 32
66 548
66 1091
66 631
66 375
107 852
107 1099
107 524
107 1178
107 983
107 822
107 61
107 76
107 254
107 77
107 542
107 71
107 320
107 32
10 852
10 1099
10 524
10 1178
10 983
10 822
10 61
10 76
10 254
10 77
10 542
10 71
10 320
10 32
45 852
45 1099
45 524
45 1178
45 983
45 822
45 61
45 76
45 254
45 77
45 542
45 71
45 320
45 32
60 852
60 1099
60 524
60 1178
60 983
60 822
60 61
60 76
60 254
60 77
60 542
60 71
60 320
60 32
200 35
200 842
200 524
200 542
200 254
200 320
200 61
200 32
200 77
200 76
200 71
177 35
177 842
177 524
177 542
177 254
177 320
177 61
177 32
177 77
177 76
177 71
230 852
230 1099
230 524
230 1178
230 983
230 822
230 61
230 76
230 254
230 77
230 542
230 71
230 320
230 32
0 852
0 1099
0 524
0 1178
0 983
0 822
0 61
0 76
0 254
0 77
0 542
0 71
0 320
0 32
183 852
183 1099
183 524
183 1178
183 983
183 822
183 61
183 76
183 254
183 77
183 542
183 71
183 320
183 32
149 852
149 1099
149 524
149 1178
149 983
149 822
149 61
149 76
149 254
149 77
149 542
149 71
149 320
149 32
82 852
82 1099
82 524
82 1178
82 983
82 822
82 61
82 76
82 254
82 77
82 542
82 71
82 320
82 32
39 852
39 1099
39 524
39 1178
39 983
39 822
39 61
39 76
39 254
39 77
39 542
39 71
39 320
39 32
206 852
206 1099
206 524
206 1178
206 983
206 822
206 61
206 76
206 254
206 77
206 542
206 71
206 320
206 32
236 530
236 404
236 823
236 548
236 631
236 375
69 852
69 1099
69 524
69 1178
69 983
69 822
69 61
69 76
69 254
69 77
69 542
69 71
69 320
69 32
209 548
209 1091
209 631
209 375
185 852
185 1099
185 524
185 1178
185 983
185 822
185 61
185 76
185 254
185 77
185 542
185 71
185 320
185 32
218 530
218 404
218 823
218 548
218 631
218 375
210 530
210 404
210 823
210 548
210 631
210 375
250 32
61 35
61 842
61 524
61 542
61 254
61 320
61 61
61 32
61 77
61 76
61 71
100 1091
100 631
100 548
100 375
269 852
269 1099
269 524
269 1178
269 983
269 822
269 61
269 76
269 254
269 77
269 542
269 71
269 320
269 32
174 548
174 1091
174 631
174 375
9 35
9 842
9 524
9 542
9 254
9 320
9 61
9 32
9 77
9 76
9 71
219 530
219 404
219 823
219 548
219 631
219 375
198 852
198 1099
198 524
198 1178
198 983
198 822
198 61
198 76
198 254
198 77
198 542
198 71
198 320
198 32
248 852
248 1099
248 524
248 1178
248 983
248 822
248 61
248 76
248 254
248 77
248 542
248 71
248 320
248 32
133 530
133 404
133 823
133 548
133 631
133 375
124 852
124 1099
124 524
124 1178
124 983
124 822
124 61
124 76
124 254
124 77
124 542
124 71
124 320
124 32
25 548
25 1091
25 631
25 375
241 548
241 1091
241 631
241 375
47 548
47 1091
47 631
47 375
16 852
16 1099
16 524
16 1178
16 983
16 822
16 61
16 76
16 254
16 77
16 542
16 71
16 320
16 32
98 548
98 1091
98 631
98 375
30 852
30 1099
30 524
30 1178
30 983
30 822
30 61
30 76
30 254
30 77
30 542
30 71
30 320
30 32
268 852
268 1099
268 524
268 1178
268 983
268 822
268 61
268 76
268 254
268 77
268 542
268 71
268 320
268 32
260 548
260 1091
260 631
260 375
58 548
58 1091
58 631
58 375
216 530
216 404
216 823
216 548
216 631
216 375
164 548
164 1091
164 631
164 375
28 548
28 1091
28 631
28 375
215 852
215 1099
215 524
215 1178
215 983
215 822
215 61
215 76
215 254
215 77
215 542
215 71
215 320
215 32
32 852
32 1099
32 524
32 1178
32 983
32 822
32 61
32 76
32 254
32 77
32 542
32 71
32 320
32 32
251 548
251 1091
251 631
251 375
186 852
186 1099
186 524
186 1178
186 983
186 822
186 61
186 76
186 254
186 77
186 542
186 71
186 320
186 32
116 852
116 1099
116 524
116 1178
116 983
116 822
116 61
116 76
116 254
116 77
116 542
116 71
116 320
116 32
138 548
138 1091
138 631
138 375
227 852
227 1099
227 524
227 1178
227 983
227 822
227 61
227 76
227 254
227 77
227 542
227 71
227 320
227 32
70 35
70 842
70 524
70 542
70 254
70 320
70 61
70 32
70 77
70 76
70 71
89 548
89 1091
89 631
89 375
5 35
5 842
5 524
5 542
5 254
5 320
5 61
5 32
5 77
5 76
5 71
86 35
86 842
86 524
86 542
86 254
86 320
86 61
86 32
86 77
86 76
86 71
188 548
188 1091
188 631
188 375
62 852
62 1099
62 524
62 1178
62 983
62 822
62 61
62 76
62 254
62 77
62 542
62 71
62 320
62 32
79 548
79 1091
79 631
79 375
34 852
34 1099
34 524
34 1178
34 983
34 822
34 61
34 76
34 254
34 77
34 542
34 71
34 320
34 32
49 548
49 1091
49 631
49 375
238 548
238 1091
238 631
238 375
29 852
29 1099
29 524
29 1178
29 983
29 822
29 61
29 76
29 254
29 77
29 542
29 71
29 320
29 32
272 852
272 1099
272 524
272 1178
272 983
272 822
272 61
272 76
272 254
272 77
272 542
272 71
272 320
272 32
94 852
94 1099
94 524
94 1178
94 983
94 822
94 61
94 76
94 254
94 77
94 542
94 71
94 320
94 32
52 852
52 1099
52 524
52 1178
52 983
52 822
52 61
52 76
52 254
52 77
52 542
52 71
52 320
52 32
270 852
270 1099
270 524
270 1178
270 983
270 822
270 61
270 76
270 254
270 77
270 542
270 71
270 320
270 32
146 548
146 1091
146 631
146 375
153 548
153 1091
153 631
153 375
179 852
179 1099
179 524
179 1178
179 983
179 822
179 61
179 76
179 254
179 77
179 542
179 71
179 320
179 32
88 548
88 1091
88 631
88 375
114 375
125 852
125 1099
125 524
125 1178
125 983
125 822
125 61
125 76
125 254
125 77
125 542
125 71
125 320
125 32
14 852
14 1099
14 524
14 1178
14 983
14 822
14 61
14 76
14 254
14 77
14 542
14 71
14 320
14 32
