6980
510 987
910 77
256 524
229 77
1128 88
211 834
435 530
254 852
256 822
743 1152
544 1113
567 319
660 772
668 675
763 109
249 804
1153 1064
193 1088
755 50
893 367
491 871
825 134
88 418
377 524
561 624
440 852
273 1178
291 465
1006 1048
981 1042
1045 542
592 319
1001 1099
1138 1042
1085 119
314 675
224 834
395 1149
291 465
1108 995
1093 32
1042 71
956 474
185 805
693 319
384 195
928 1178
33 1091
45 182
1012 50
1155 524
245 278
162 1152
369 52
1094 532
578 453
372 474
592 319
749 32
527 822
56 52
1165 1136
452 453
762 434
808 136
1097 772
1093 1030
695 854
414 526
552 319
803 548
635 474
242 179
375 1091
437 674
1016 1164
1010 1042
82 675
438 1113
1085 119
598 853
1160 372
731 847
293 675
96 132
695 854
49 1130
829 74
828 805
36 1091
315 77
558 1064
876 404
944 33
165 524
340 246
176 474
559 524
942 595
1097 772
571 195
231 179
534 1042
513 852
580 554
1146 487
97 675
33 1091
582 134
689 1177
542 852
947 819
851 768
333 77
598 563
208 487
1089 213
613 77
934 1073
926 987
290 674
67 319
159 1178
43 124
214 766
342 567
808 136
944 1034
930 726
328 855
48 834
799 548
301 631
669 452
238 542
808 1064
342 567
1044 77
962 434
34 32
978 524
510 371
1052 805
53 192
340 246
173 595
157 195
697 1151
737 255
772 1088
514 236
125 671
1102 319
1138 772
1030 71
552 319
138 1178
635 474
1035 922
1088 1178
379 1113
679 512
291 465
314 1113
557 542
428 882
132 614
625 772
694 770
167 168
275 1088
1069 530
1090 542
981 772
901 542
490 77
149 298
387 967
736 967
72 985
339 1114
991 631
586 1046
1114 1091
482 77
485 648
654 726
617 77
296 77
716 77
654 726
465 319
147 174
900 77
981 1042
803 1091
500 551
111 230
741 62
993 475
430 983
1159 487
203 763
1171 554
552 319
354 487
563 387
487 404
451 1113
1166 404
1014 1152
422 655
1025 71
557 542
564 530
544 675
213 524
598 563
1114 1091
97 675
1038 1088
696 77
483 833
518 179
409 523
894 367
1066 871
542 983
518 179
231 179
554 983
162 1152
143 325
238 542
178 1178
828 805
629 1152
293 675
694 770
615 834
185 255
737 255
291 465
1093 1030
642 766
1142 631
922 136
594 852
333 77
377 983
197 823
412 995
460 852
641 766
94 328
869 77
147 174
339 1114
658 486
284 807
133 134
291 465
811 1064
602 691
440 1178
126 125
339 206
455 487
1038 1088
626 1088
974 236
600 1064
870 77
1004 554
800 805
1024 1178
47 77
1054 1091
527 983
560 525
759 88
897 563
557 1152
595 1064
292 1046
46 1113
695 154
1149 1109
625 772
580 921
329 371
641 766
420 624
1051 255
292 578
702 845
1097 772
410 1130
93 77
907 77
28 922
292 578
43 124
588 195
986 807
910 77
676 852
650 675
1089 984
653 77
636 475
34 1030
59 77
648 678
231 179
343 1034
1108 995
589 495
641 766
749 32
278 1099
231 179
228 71
148 799
1090 542
711 804
217 766
275 1088
715 675
537 772
44 1099
897 563
586 578
594 1178
53 192
53 192
378 1099
176 474
147 174
608 50
1158 766
679 512
538 77
225 77
245 1172
901 1152
1132 523
130 195
280 766
325 77
493 852
488 33
189 328
1075 109
563 969
840 845
901 1152
552 319
693 319
1014 542
999 773
474 71
652 676
362 766
250 472
342 567
927 724
759 883
516 1088
469 772
151 845
488 593
1020 1037
1118 987
231 179
889 474
590 983
1003 51
1024 852
145 691
568 524
567 319
427 319
675 511
385 983
534 772
820 74
556 178
364 1176
660 772
76 524
260 842
115 526
1016 624
118 766
246 319
78 1037
1042 1088
451 1113
1010 772
155 1064
570 1073
759 824
614 822
440 1099
552 319
632 418
143 325
1025 71
555 1152
743 542
972 793
939 434
127 675
448 452
66 1099
709 921
314 675
319 33
552 319
226 578
714 922
529 1088
465 319
408 51
1125 367
563 619
1023 595
317 855
105 932
105 753
590 1099
39 367
930 726
552 319
908 77
830 119
825 934
330 372
515 1113
1001 983
353 710
567 319
276 77
128 1020
997 410
709 921
1092 418
662 655
555 542
1001 852
510 371
349 77
520 1073
1080 834
598 563
281 249
592 319
493 983
934 1073
127 1113
448 452
1052 255
53 192
148 174
408 1095
747 1091
300 62
974 236
195 819
242 179
1102 319
423 1152
517 74
343 1034
441 52
749 32
424 983
229 77
137 77
103 834
1165 657
33 631
941 77
351 822
247 319
275 71
1010 1042
1105 62
397 804
583 611
372 474
465 319
818 985
629 1152
935 1099
415 77
106 822
852 842
103 834
336 983
874 871
568 983
589 495
872 1113
1113 1073
1137 499
1010 1042
973 465
790 773
1157 526
148 174
461 472
1030 1088
886 983
226 578
868 578
827 1085
1030 1088
1089 213
676 1178
594 983
1097 1042
278 852
1068 542
702 725
1158 766
764 404
837 934
732 1077
102 77
176 474
339 206
179 793
80 991
1014 1152
275 71
34 1030
1045 1152
428 632
461 725
371 406
900 77
686 773
574 833
681 62
1022 855
276 77
372 474
152 1178
629 542
238 1152
1093 1030
112 1164
763 109
155 1064
67 319
485 648
659 985
825 934
340 246
278 1099
914 551
138 852
926 987
192 1172
693 319
751 182
1080 678
709 554
38 195
334 834
582 934
935 1178
336 1178
1080 834
1093 32
466 213
1099 842
242 179
1128 37
389 773
231 179
1090 1152
799 631
33 631
346 724
955 1073
1097 1042
1116 676
1153 136
503 719
1137 499
563 154
647 278
993 985
670 834
661 249
909 77
337 136
437 833
231 179
519 823
28 922
362 766
647 278
403 548
383 367
275 1088
534 1042
79 77
469 1042
176 474
572 62
176 474
104 487
598 853
333 77
105 753
280 766
1042 1088
133 134
787 768
866 240
54 1115
1138 772
198 542
654 1100
317 1073
173 922
143 47
578 453
65 673
957 487
87 675
926 987
372 474
384 195
476 852
284 471
291 465
626 71
469 1042
670 678
944 793
263 852
173 595
313 673
211 678
523 773
176 474
351 1099
1085 119
495 819
334 678
930 726
653 77
535 1178
534 772
372 474
392 542
759 37
667 766
972 593
775 724
279 675
696 77
236 319
1056 727
1138 1042
1072 178
535 1178
323 445
908 77
940 367
518 179
1168 418
962 434
826 1064
916 77
516 1088
726 833
1139 995
944 33
730 819
1137 1149
752 675
179 33
592 319
743 1152
105 932
650 1113
787 804
841 922
910 77
231 179
499 790
1014 1152
128 125
974 236
1152 1099
589 495
1065 847
107 109
712 768
619 839
189 328
176 474
82 1113
294 678
1060 1085
261 1073
1046 453
371 1168
488 33
446 922
614 1178
853 619
139 195
465 319
256 524
1045 542
514 236
1018 631
733 62
687 367
198 1152
1139 190
615 834
527 1178
310 487
236 319
443 922
1164 852
514 236
1158 766
506 674
291 465
465 319
76 1099
220 1140
1010 1042
630 984
613 77
331 77
974 236
747 1091
1073 35
105 753
275 71
464 773
474 1088
721 822
96 132
236 319
1147 1099
1127 819
685 631
1097 1042
123 675
137 77
772 1088
514 236
212 77
749 1030
972 593
580 554
544 1113
703 77
1102 319
706 77
496 766
810 119
789 773
747 548
1138 772
938 195
432 1073
308 1140
622 255
837 934
626 71
332 675
488 793
537 772
124 77
320 542
350 1037
442 852
224 834
614 1099
726 674
320 1152
263 1099
36 1091
332 1113
901 1152
689 1177
1161 655
152 983
580 921
622 255
885 1099
949 1178
747 548
161 530
696 77
1129 611
140 1099
1138 1042
695 619
757 434
509 985
1175 773
978 1178
342 567
584 687
948 845
924 77
175 548
179 593
512 524
65 62
749 32
799 1091
461 318
932 77
188 71
717 726
102 77
981 772
762 1077
596 1073
319 1034
1173 51
338 1064
552 319
1087 475
691 796
981 1042
714 922
156 1064
330 372
381 119
668 675
352 1064
485 648
944 593
770 77
298 967
719 631
398 1178
359 1088
694 770
1004 554
679 512
1104 1073
195 1073
276 77
928 822
1160 372
1118 987
1127 511
685 631
110 766
589 947
141 240
488 1034
598 853
567 319
974 236
1035 922
1016 624
558 1064
554 983
510 987
633 1064
709 921
971 178
552 319
625 1042
924 77
193 1088
106 822
142 675
359 71
1052 805
810 119
214 766
695 969
110 766
280 766
1118 987
227 367
349 77
888 766
880 1064
979 983
767 1100
709 554
353 710
385 822
264 1164
1102 319
479 1172
148 1101
217 766
315 77
336 1099
572 62
438 1113
105 753
279 1113
982 328
1148 304
80 375
1093 1030
479 1172
440 822
32 1088
347 153
1056 896
704 725
291 465
586 1046
598 563
101 1113
340 246
139 195
918 524
510 987
1068 542
132 614
529 71
540 525
1071 766
292 1046
123 1113
447 532
997 1135
330 372
130 195
1097 1042
728 631
242 179
320 1152
128 125
100 678
120 77
385 822
329 987
80 375
625 1042
1102 319
133 134
1097 1042
1089 984
152 1099
676 822
147 1101
737 805
648 834
247 319
246 319
889 474
342 567
703 77
143 924
1018 1091
66 822
416 725
88 847
710 852
1107 687
1107 1125
1045 1152
1014 542
36 548
394 1095
96 132
1102 319
618 178
654 1100
335 77
557 1152
359 1088
535 822
1120 1077
470 474
617 77
514 236
1093 32
675 511
427 319
920 77
126 125
537 1042
32 1088
942 595
298 31
582 934
71 983
1010 772
480 578
1171 554
218 675
228 1088
908 77
452 453
28 922
193 1088
29 523
162 542
510 371
378 852
147 174
328 819
409 871
968 983
709 554
628 796
43 124
752 1113
379 675
567 319
48 678
358 303
1130 268
1014 542
210 675
223 574
148 799
654 726
338 136
668 675
699 77
1169 77
985 1048
926 371
618 178
315 77
685 1091
261 819
635 474
868 578
347 153
375 1091
146 77
67 319
896 62
629 1152
482 77
998 1130
441 1130
944 33
670 678
319 33
579 1113
835 673
189 328
84 77
488 33
756 896
134 819
91 474
242 179
1093 32
526 393
597 52
97 1113
330 372
589 495
981 772
557 542
534 1042
516 1088
1160 372
228 71
909 77
918 1178
247 319
645 77
488 33
263 822
480 1046
1172 524
306 511
343 793
798 1085
616 675
598 853
242 179
1083 195
626 1088
707 852
1171 921
577 673
534 772
154 967
974 236
1072 178
283 768
552 319
730 855
334 678
76 1178
972 793
945 984
480 1046
897 853
451 675
214 766
869 77
232 526
660 772
1087 985
330 372
682 77
1102 319
1118 987
211 678
949 983
125 671
501 796
142 675
835 62
352 136
372 474
143 325
325 77
426 1125
512 983
165 1178
329 987
493 1099
989 796
719 1091
80 991
224 678
96 132
53 192
787 1048
926 987
1041 511
810 796
409 871
340 246
623 725
105 753
1118 371
1042 71
735 523
538 77
427 319
719 548
934 855
34 32
772 71
105 932
753 77
465 319
54 1115
1083 195
496 766
645 77
469 1042
453 77
236 319
334 678
143 47
694 916
557 542
854 967
1101 1091
474 1088
124 77
380 77
602 1085
1132 871
1118 987
466 984
1118 987
1052 805
932 77
210 1113
66 1099
179 793
644 645
368 675
1119 675
926 987
668 1113
294 678
1010 772
375 548
159 822
541 1073
231 179
247 319
592 319
465 319
269 818
469 772
987 406
43 124
452 453
1086 196
488 793
388 1073
693 319
1045 542
112 624
947 1073
753 77
801 773
334 678
58 822
529 1088
479 1172
132 614
752 675
934 855
622 805
195 511
291 465
865 678
546 113
182 524
691 119
974 236
625 772
496 766
172 178
676 852
226 1046
362 766
80 991
831 136
284 1161
840 472
696 77
989 796
127 675
372 474
1043 1099
296 77
461 734
145 691
1005 896
65 62
744 542
745 657
916 77
506 674
721 983
951 184
955 819
466 984
543 983
580 921
941 77
440 983
499 797
293 675
462 364
428 406
182 983
988 31
372 474
343 593
98 77
925 934
974 236
1088 1099
217 766
460 1178
616 1113
155 1064
827 1085
420 624
1072 178
34 1030
1008 1064
1045 1152
111 230
557 542
426 687
926 987
918 1099
766 77
131 611
179 593
423 1152
648 834
886 852
246 319
490 77
292 1046
920 77
29 871
91 474
693 319
721 1178
427 319
567 319
236 319
754 77
153 1048
1116 676
368 1113
837 134
254 1099
264 1164
1052 805
178 852
833 655
97 1113
1029 1178
162 1152
908 77
973 465
287 532
1167 687
147 799
648 834
300 62
769 530
223 574
201 196
575 1135
518 179
148 799
744 542
343 793
795 195
891 822
693 319
336 822
903 726
956 474
167 843
895 62
749 1030
276 77
868 578
345 834
550 367
972 1034
669 452
343 793
579 675
1010 772
273 822
429 655
753 77
1107 687
395 1149
509 985
945 984
600 136
972 33
981 772
102 77
800 805
589 947
28 595
561 1164
456 487
864 673
246 319
192 278
1139 190
670 834
396 896
123 1113
460 1099
1097 772
986 471
716 77
332 675
157 195
371 883
255 1073
193 71
440 852
236 319
922 1064
485 648
275 71
339 206
516 71
1138 1042
592 319
793 631
112 624
319 793
1160 372
926 371
818 475
541 819
592 319
452 453
693 319
342 567
225 77
96 132
83 678
196 270
938 195
1016 624
264 624
378 1178
1149 790
908 77
1018 631
292 578
685 548
483 674
284 1161
466 213
588 195
863 71
945 984
935 852
242 179
264 624
875 153
155 136
557 1152
897 563
143 47
247 319
948 472
503 719
492 1112
183 435
550 367
835 62
702 734
443 922
1037 967
376 77
1026 1064
609 1099
772 1088
212 77
485 648
482 77
983 842
1119 675
749 32
32 71
350 671
635 474
138 852
1020 1037
33 548
930 1100
294 678
83 678
534 772
449 574
1090 542
547 178
1175 773
1006 768
319 1034
1052 255
1010 772
101 1113
981 772
264 1164
66 983
301 1091
485 648
945 213
863 71
743 542
1062 983
973 465
582 934
229 77
1172 983
625 1042
512 1178
69 773
759 406
542 983
1155 1178
319 1034
179 33
331 77
816 985
1014 1152
510 371
534 1042
853 736
1025 71
186 182
47 77
359 71
199 1140
562 657
332 1113
210 1113
152 852
363 304
821 823
73 304
1049 1077
1045 542
638 766
1072 178
1071 766
314 1113
595 136
46 1113
561 624
420 1164
771 833
588 195
750 487
137 77
145 1085
913 475
1170 796
335 77
973 465
1123 113
751 182
314 675
162 1152
515 1113
362 766
660 1042
34 1030
325 77
891 983
112 624
1115 804
128 1020
630 984
800 255
1138 772
945 984
1070 178
398 524
139 195
1138 1042
1118 987
147 1101
242 179
420 1164
466 984
514 236
744 1152
534 772
981 1042
868 1046
1068 1152
529 1088
769 823
1118 987
110 766
123 1113
693 319
77 524
916 77
656 675
577 673
423 1152
551 367
488 1034
952 1064
368 1113
1023 595
226 1046
846 472
1138 1042
853 154
203 1009
334 678
147 174
846 725
656 675
1075 109
1090 542
103 834
598 563
387 31
174 631
61 852
921 1099
1102 319
527 1178
67 319
1023 922
925 934
246 319
1024 983
242 179
912 272
926 987
1010 772
975 1151
258 1061
290 674
1119 675
493 1178
158 487
1175 773
869 77
162 1152
513 852
353 710
79 77
910 77
1134 77
1169 77
1093 32
449 574
694 916
1010 1042
656 675
759 240
123 1113
32 71
94 328
1164 822
82 1113
83 834
622 255
343 33
1142 631
129 51
38 195
1016 1164
1102 319
579 1113
963 983
503 719
28 595
292 578
1133 852
1016 624
380 77
701 922
592 319
580 554
236 319
73 472
169 77
374 674
181 1140
710 1178
660 772
625 772
1045 542
1050 486
144 834
339 803
480 1046
241 141
343 1034
841 595
537 772
320 542
1084 404
1068 1152
364 249
72 985
59 77
36 631
891 524
814 487
245 1172
1116 676
1173 1095
650 675
925 934
320 542
109 288
1081 524
555 1152
890 421
145 691
711 1048
1044 77
514 236
974 236
752 1113
693 319
392 542
570 511
547 178
1028 487
264 624
483 833
984 822
28 595
347 153
255 819
212 77
314 675
567 319
918 822
694 916
510 987
453 77
981 1042
739 487
1111 195
80 375
143 924
446 922
598 853
256 983
246 319
920 77
53 192
34 32
518 179
1010 1042
630 213
1172 1178
528 725
361 675
1054 1091
465 319
726 674
188 71
34 1030
1169 77
945 984
660 772
773 768
502 983
626 1088
349 77
153 768
908 77
1040 487
695 387
188 71
319 1034
226 1046
624 1178
694 916
642 766
128 125
144 834
841 922
137 77
362 766
716 77
50 62
1038 1088
313 673
443 595
1160 372
446 595
340 246
913 985
1168 847
247 319
340 246
319 1034
154 839
592 319
342 567
869 77
482 77
1043 1178
654 1100
273 852
748 109
1127 1073
146 77
329 371
906 773
1164 1178
415 77
343 33
851 804
273 1099
279 675
602 691
192 1172
633 1064
789 773
902 766
343 33
805 511
668 1113
332 1113
1052 255
1088 983
710 983
693 319
61 1178
192 278
213 524
342 567
389 773
668 675
193 1088
653 77
758 611
213 822
615 678
331 77
126 1020
447 1140
150 178
974 236
345 678
292 1046
345 834
1078 595
961 195
998 52
626 1088
319 793
153 804
420 624
427 319
440 983
837 134
1104 819
162 542
978 852
349 77
510 987
1171 921
124 77
287 1140
515 675
78 671
1155 822
214 766
1160 372
292 578
398 983
660 772
1089 213
1119 675
707 852
990 1064
1136 768
1030 71
244 421
939 1077
571 195
971 178
1068 542
563 988
647 278
246 319
1010 1042
427 319
645 77
716 77
130 195
770 77
53 192
105 753
151 734
647 1172
891 1099
1070 178
568 1099
1096 852
749 1030
675 819
406 847
563 619
628 796
182 983
869 77
73 845
682 77
61 524
1072 178
1176 804
828 255
795 195
373 631
514 236
534 772
772 71
537 1042
468 1064
718 819
659 475
537 1042
1004 554
46 675
737 805
552 319
82 675
343 593
959 511
172 178
901 542
984 524
542 1099
80 375
867 77
714 595
377 983
984 1099
516 71
721 524
343 593
221 674
647 278
1137 1149
587 655
1102 319
514 236
342 567
440 524
956 474
917 208
1053 724
197 530
143 924
743 1152
422 655
1086 196
938 195
1001 1099
47 77
174 631
914 940
552 319
397 768
1093 1030
1101 548
963 524
140 852
749 32
179 593
247 319
892 611
972 33
46 1113
488 1034
891 1178
968 1099
74 768
559 1178
60 487
438 675
897 853
575 1135
846 964
393 950
145 1085
280 766
648 678
1074 62
710 524
739 487
901 1152
717 1100
676 983
292 578
480 1046
279 1113
125 1037
236 319
579 675
952 1064
212 77
660 772
884 724
490 77
667 766
392 542
1097 772
1021 631
1121 62
471 655
865 834
242 179
308 532
944 1034
534 1042
561 624
329 371
343 593
793 1091
238 542
802 548
743 542
1042 1088
107 109
246 319
730 855
488 793
230 768
1030 71
131 611
282 1125
1072 178
630 984
100 678
926 371
1034 548
638 766
340 246
865 834
371 632
746 1113
679 512
537 1042
192 278
1024 822
133 134
625 1042
158 487
195 819
918 524
46 1113
972 793
247 319
246 319
872 1113
614 524
438 1113
246 319
975 478
226 1046
902 766
645 77
80 375
178 983
1150 995
1023 922
1068 1152
534 772
372 474
601 773
179 1034
217 766
1004 921
87 675
498 62
330 372
879 1064
474 1088
470 474
1061 655
1165 657
835 673
247 319
67 319
694 916
1109 773
156 136
1010 772
923 1130
527 852
559 524
1090 1152
1171 554
1093 32
58 852
695 736
445 404
212 77
246 319
602 691
82 1113
1069 404
728 1091
630 213
383 367
451 1113
1134 77
693 319
1051 255
926 371
749 32
561 624
840 318
1068 1152
564 823
931 574
827 1085
872 1113
854 31
469 1042
826 136
80 991
496 766
105 753
415 77
987 433
176 474
1060 1085
771 833
871 773
465 319
673 404
397 1048
1080 834
596 819
1128 883
699 77
816 985
971 178
615 834
133 134
1071 766
518 179
930 1100
48 678
234 35
339 803
593 631
485 648
644 645
56 1130
837 134
180 596
563 969
361 675
179 593
269 659
624 1099
1153 136
921 983
945 213
557 542
46 1113
836 768
469 772
45 182
759 37
334 678
465 319
380 77
752 675
445 530
1162 418
989 119
96 132
1080 834
247 319
980 655
944 793
442 1178
984 983
345 834
152 1178
868 1046
1082 487
543 822
628 119
552 319
676 822
212 77
343 793
701 922
661 1176
333 77
767 726
1076 62
190 773
637 404
737 255
499 1109
942 595
874 523
589 947
914 551
744 1152
520 511
463 507
588 195
261 511
186 182
1169 77
371 433
809 1064
173 922
840 304
119 487
987 1168
312 532
105 753
597 1130
678 819
1096 983
486 270
963 822
687 367
982 328
1138 772
564 404
1033 418
1138 772
118 766
182 524
598 563
981 772
1029 983
1132 871
1132 871
749 32
668 675
172 178
1025 71
1043 983
1116 676
537 772
340 246
547 178
670 678
580 921
600 136
381 119
217 766
742 178
512 1099
837 934
317 511
652 676
709 554
543 822
1102 319
798 1085
336 852
897 853
945 213
956 474
1035 922
345 678
1118 371
737 805
800 805
1138 1042
138 1178
1138 1042
44 1178
557 1152
142 1113
948 304
1052 255
693 319
1035 595
331 77
708 1048
592 319
424 852
982 328
165 852
433 418
206 1091
538 77
981 1042
469 1042
231 179
1089 213
140 822
1029 852
216 532
648 834
449 574
830 796
106 852
759 433
173 922
841 922
177 475
987 883
124 77
1022 819
395 1149
1118 371
1042 1088
204 655
380 77
580 921
340 246
514 236
656 675
1090 1152
925 134
963 852
398 822
889 474
981 772
332 675
901 542
334 834
348 574
207 530
395 499
1002 847
537 772
693 319
294 834
713 934
695 988
101 675
1046 453
502 822
1083 195
101 675
245 278
30 964
372 474
84 77
250 318
1149 790
1052 255
1051 255
1100 833
79 77
368 1113
567 319
586 578
236 319
949 822
66 524
32 1088
707 524
949 1178
225 77
557 542
495 819
630 984
1051 805
218 675
342 567
642 766
100 834
557 542
1078 595
245 278
981 772
238 1152
972 1034
329 371
751 182
659 985
592 319
944 593
973 465
735 871
870 77
644 645
570 855
803 1091
348 574
699 77
946 77
905 136
202 1091
615 834
567 319
395 499
426 687
128 1020
261 855
496 766
226 1046
226 578
451 675
290 674
836 804
601 773
405 367
1026 136
441 1130
1042 71
47 77
981 772
1090 1152
1171 921
1128 1168
897 563
112 624
395 1149
932 77
990 136
717 1100
501 796
427 319
392 1152
353 710
648 834
1083 195
1097 772
837 934
469 1042
184 768
278 852
865 834
513 524
921 822
398 524
458 302
552 319
614 983
916 77
480 1046
191 190
1118 987
981 772
897 563
751 182
619 31
522 724
730 819
997 1135
897 853
537 1042
1102 319
1010 1042
479 278
907 77
156 1064
888 766
465 319
1138 772
576 673
885 852
693 319
221 833
972 593
456 487
1001 524
592 319
554 524
1113 855
662 655
518 179
664 418
435 823
137 77
205 507
1024 822
245 1172
242 179
598 563
202 548
314 1113
713 934
868 1046
265 976
761 1077
657 768
655 806
682 77
384 195
1146 487
972 1034
226 578
316 726
669 452
257 655
295 966
918 983
143 325
692 631
465 319
1024 524
466 213
1056 896
678 1073
193 71
972 1034
32 1088
442 983
648 678
179 33
231 179
345 678
245 1172
516 1088
737 255
402 472
514 236
759 406
291 465
466 213
452 453
818 985
1044 77
1113 511
308 1140
79 77
805 855
294 678
1160 372
582 134
427 319
1085 796
868 1046
1028 487
340 246
868 1046
499 790
67 319
130 195
921 1178
502 852
393 806
1030 1088
210 675
553 724
579 675
770 77
335 77
214 766
236 319
630 984
91 474
371 882
79 77
342 567
364 249
443 595
178 1099
689 364
766 77
38 195
482 77
480 578
1159 487
751 182
221 833
275 1088
158 487
162 1152
342 567
427 319
770 77
816 475
425 1098
420 624
1021 548
743 1152
916 77
332 1113
236 319
568 822
808 136
493 524
645 77
642 766
188 71
82 675
238 542
1054 548
100 834
376 77
668 1113
329 371
420 1164
926 371
1069 823
1093 1030
1113 1073
1014 542
479 1172
689 1177
392 542
294 678
1075 109
264 1164
162 542
584 1125
329 987
1097 1042
29 871
689 364
349 77
901 1152
67 319
716 77
620 819
352 1064
186 182
315 77
668 1113
225 77
963 1099
329 987
152 1099
94 328
77 524
717 1100
186 182
932 77
1171 921
423 542
415 77
291 465
656 1113
534 1042
660 772
625 1042
1113 511
218 675
514 236
1030 71
885 822
134 511
325 77
670 834
453 77
438 1113
32 1088
653 77
1068 542
47 77
106 1099
518 179
916 77
316 726
537 772
935 1178
379 1113
631 530
331 77
903 1100
118 766
340 246
371 433
1134 77
949 852
1063 136
198 542
749 32
340 246
796 487
495 1073
468 1064
598 853
886 983
255 855
245 1172
749 1030
592 319
128 1020
657 804
279 1113
822 35
974 236
933 1130
285 52
184 1048
538 77
596 1073
1118 371
622 805
935 822
1054 631
714 922
428 37
395 1149
348 574
987 824
509 475
98 77
220 532
924 77
705 725
67 319
1004 921
703 77
189 328
185 805
1009 109
635 474
474 71
58 1099
100 678
678 1073
542 524
138 822
343 33
1164 822
567 319
339 1114
534 772
323 1098
1049 434
482 77
766 77
626 71
516 71
222 675
518 179
1169 77
534 1042
909 77
193 71
973 465
701 595
1149 122
541 855
1139 995
359 1088
629 1152
563 387
101 1113
316 1100
423 1152
1025 71
1160 372
310 487
1137 1149
245 278
245 1172
575 1135
1062 852
343 593
1148 964
175 631
711 768
1118 371
1134 77
888 766
1150 995
1081 1178
273 852
72 475
834 511
635 474
339 206
909 77
630 213
625 1042
452 453
1097 772
95 195
652 676
377 822
713 134
888 766
1001 852
192 278
559 1099
707 822
306 819
439 240
1074 62
770 77
319 793
745 1136
526 393
58 524
323 445
174 1091
368 675
602 1085
34 32
567 319
367 62
926 987
342 567
518 179
1038 71
83 678
238 542
317 819
451 675
1068 1152
622 255
668 675
242 179
353 710
203 1009
378 822
624 822
701 595
188 1088
144 678
490 77
925 134
1054 548
944 793
238 1152
752 675
159 852
902 766
71 1099
1093 32
974 236
402 964
361 1113
368 1113
841 595
230 804
1042 1088
1045 1152
676 1178
348 574
1133 983
863 71
1001 1178
188 1088
515 1113
1068 542
742 178
82 675
103 678
631 404
534 1042
222 675
689 1177
500 940
148 174
1052 255
620 855
670 834
488 793
1063 1064
192 278
413 190
872 675
428 882
66 983
470 474
352 136
543 524
375 548
198 1152
1025 71
275 71
480 1046
800 805
276 77
1138 772
102 77
513 1099
878 511
58 1178
717 1100
832 404
1033 847
537 1042
624 1178
466 984
392 1152
45 182
211 834
542 822
231 179
355 1064
772 1088
558 136
870 77
552 319
275 1088
1117 160
968 822
490 77
561 624
938 195
764 823
193 71
200 160
143 924
1022 511
246 319
984 524
95 195
359 1088
1134 77
756 896
226 1046
1042 71
1104 855
378 852
483 674
618 178
599 367
1109 773
593 548
580 554
872 675
496 766
48 678
1093 32
142 1113
650 1113
1004 554
1009 109
1171 921
209 673
330 372
510 371
196 806
246 319
430 1099
571 195
256 852
1068 1152
329 371
446 922
656 1113
872 675
539 318
67 319
420 624
533 773
1041 855
881 31
570 855
534 772
179 593
984 1099
1010 772
87 675
920 77
623 845
973 465
660 1042
256 1099
902 766
438 675
1023 595
102 77
319 593
867 77
351 524
925 934
195 855
955 1073
482 77
529 1088
660 1042
247 319
43 124
162 542
921 983
948 725
110 766
93 77
1134 77
1049 434
343 1034
900 77
403 548
701 922
188 1088
332 675
635 474
653 77
900 77
342 567
322 287
598 563
547 178
392 1152
398 852
865 834
169 77
737 255
471 655
98 77
1051 255
246 319
874 523
58 983
802 548
973 465
76 1099
61 983
1128 824
870 77
67 319
165 822
716 77
992 611
903 726
568 524
328 855
752 1113
332 1113
928 1099
720 741
1030 1088
329 987
1010 1042
776 62
359 71
764 530
438 675
753 77
732 1077
323 1098
751 182
600 1064
1035 922
250 725
103 678
333 77
828 255
170 178
202 1091
625 772
462 364
718 511
371 824
795 195
466 984
353 710
559 822
1025 71
315 77
343 33
647 278
320 1152
1041 1073
474 71
80 375
592 319
997 410
122 773
833 655
709 554
945 984
1138 772
1160 372
224 834
544 1113
1158 766
209 673
99 680
218 1113
105 753
567 319
285 1130
645 77
1090 542
192 1172
567 319
1014 1152
791 773
715 1113
249 1048
420 1164
430 822
518 179
986 471
77 852
1035 922
514 236
148 799
581 804
828 255
1010 772
991 548
759 882
247 319
735 523
236 319
152 524
647 278
828 255
423 1152
1160 372
749 32
315 77
1123 976
538 77
586 1046
493 852
510 371
1038 1088
150 178
100 678
247 319
179 1034
334 834
488 1034
1161 655
80 991
123 1113
735 871
143 924
959 819
902 766
945 984
592 319
1005 727
900 77
144 678
938 195
1177 1176
460 822
292 578
127 675
893 367
722 318
717 726
887 1064
339 803
40 475
123 675
552 319
650 1113
1171 554
538 77
1089 213
479 1172
1089 984
215 52
176 474
931 574
67 319
1077 62
1089 984
333 77
552 319
344 1091
987 882
114 52
409 523
524 35
488 593
594 1178
372 474
325 77
974 236
228 1088
146 77
766 77
429 655
479 1172
704 472
143 47
226 578
469 1042
329 371
625 1042
935 822
1020 671
667 766
420 1164
544 675
1043 1099
379 1113
101 1113
1056 896
176 474
55 773
1093 1030
438 675
165 983
667 766
1005 727
759 824
459 303
285 52
596 855
91 474
32 71
629 542
222 675
537 1042
1051 805
963 822
694 770
148 799
613 77
628 796
721 1178
818 985
1134 77
515 1113
362 766
1099 35
1140 966
633 1064
87 1113
744 542
306 1073
395 499
537 1042
45 182
863 71
528 318
128 125
572 62
32 1088
586 578
1025 71
377 1099
987 406
465 319
552 319
1004 921
91 474
715 1113
752 675
579 675
754 77
442 983
551 367
581 768
236 319
561 1164
100 834
660 1042
909 77
82 1113
500 551
46 675
516 71
897 853
84 77
583 611
491 523
1171 554
469 772
292 1046
140 524
37 847
640 404
605 611
1000 773
332 1113
137 77
451 1113
475 804
204 655
660 1042
567 319
654 1100
695 736
174 631
556 178
595 136
123 675
487 530
944 593
377 822
355 1064
1068 542
120 77
753 77
1016 624
925 134
875 1115
330 372
1150 190
562 657
1045 542
615 834
328 1073
440 524
868 1046
583 611
863 1088
443 595
556 178
924 77
689 364
592 319
979 1099
162 542
140 983
886 524
652 676
1134 77
704 845
427 319
552 319
625 1042
543 852
67 319
922 136
245 278
53 192
1097 772
330 372
1102 319
420 1164
1081 1099
172 178
330 372
148 174
1138 772
342 567
616 1113
571 195
582 134
112 624
680 677
330 372
451 675
469 772
336 852
1093 1030
137 77
987 88
480 578
284 807
941 77
826 1064
189 328
431 62
191 995
841 595
926 371
426 1125
334 678
695 154
921 524
480 578
143 924
1169 77
339 1114
1014 1152
148 1101
1134 77
1113 855
1111 195
1042 71
97 675
994 741
423 542
213 822
501 119
1066 523
1093 1030
514 236
986 1161
932 77
713 934
643 136
837 134
660 772
486 806
132 614
123 1113
647 1172
568 1099
910 77
340 246
471 655
625 1042
53 192
448 452
319 593
465 319
215 1130
479 1172
676 983
518 179
1097 1042
510 987
630 984
465 319
372 474
247 319
841 922
650 1113
1149 122
972 593
392 542
586 1046
1155 852
343 1034
332 675
490 77
527 852
687 367
558 136
630 984
499 797
625 772
173 595
559 1099
562 1136
638 766
180 596
206 548
949 983
949 852
1158 766
1034 631
154 31
567 319
713 134
1010 1042
470 474
180 596
98 77
76 852
644 645
1150 190
1094 532
579 1113
343 1034
423 1152
1029 822
340 246
761 1077
517 74
537 772
334 678
586 1046
913 475
1074 62
1062 983
331 77
539 472
469 772
339 206
97 1113
185 255
157 195
865 678
749 1030
320 1152
899 611
983 35
385 524
563 854
1138 772
143 325
715 1113
771 674
47 77
962 1077
359 1088
862 684
602 691
162 1152
395 499
690 486
69 773
372 474
591 55
709 921
936 768
932 77
625 772
989 119
544 675
978 1178
656 1113
900 77
776 62
924 77
221 833
1046 453
93 77
510 371
772 1088
986 807
671 31
561 624
199 532
379 675
321 833
47 77
496 766
54 153
400 976
152 852
169 77
357 1123
179 793
174 548
518 179
594 1099
534 772
299 530
438 675
741 62
978 852
900 77
206 1091
185 805
825 934
423 542
552 319
997 410
1177 249
625 772
608 50
759 882
537 1042
897 563
264 624
981 1042
863 71
269 659
1038 71
226 578
1119 1113
380 77
375 631
1158 766
837 134
409 523
142 1113
928 983
710 1099
838 804
773 804
325 77
172 178
71 1178
262 240
834 855
510 987
1128 37
682 77
1052 255
293 675
474 817
981 1042
978 983
361 675
177 475
405 367
582 934
872 1113
828 255
529 1088
185 255
863 1088
534 772
529 71
368 1113
893 367
294 834
949 1099
625 1042
537 1042
707 983
772 1088
383 367
878 855
334 834
641 766
624 524
146 77
427 319
1078 595
479 278
753 77
388 819
749 32
1051 805
827 691
956 474
1045 1152
756 727
972 593
347 1115
329 371
384 195
488 793
335 77
925 134
993 985
395 1149
615 678
76 524
210 675
557 1152
811 1064
385 983
696 77
941 77
1152 524
635 474
986 1161
95 195
563 154
293 675
1010 772
514 236
1051 805
1138 1042
1018 548
333 77
981 772
1127 819
699 77
694 770
281 1176
1058 51
537 1042
727 62
660 772
247 319
124 77
518 179
585 611
374 833
68 51
222 1113
411 995
179 793
1134 77
689 364
166 168
606 418
34 1030
135 684
1088 524
802 548
297 160
660 772
385 1099
598 853
206 631
273 822
361 675
1062 1178
460 1099
380 77
423 542
511 35
1051 805
118 766
159 1099
53 192
907 77
148 799
427 319
586 578
728 631
95 195
701 595
293 1113
491 523
580 554
214 766
431 62
493 1099
925 134
296 77
179 33
941 77
625 1042
248 526
593 631
350 1037
409 871
282 1125
945 984
896 62
33 548
1078 922
500 551
1010 772
803 631
1137 499
661 249
1051 255
1093 32
149 881
335 77
527 1099
518 179
351 852
496 766
714 922
1021 1091
171 722
580 554
254 983
580 554
642 766
1004 921
567 319
427 319
1096 852
676 524
139 195
470 474
709 921
570 819
1118 371
306 511
180 596
320 1152
586 578
218 675
1137 499
956 474
1165 657
717 1100
272 842
703 77
48 678
61 1178
251 1135
1045 1152
281 249
430 852
58 1178
469 772
198 1152
279 675
466 984
162 542
537 1042
1164 983
875 153
749 32
189 328
347 1115
1119 1113
959 1073
87 675
275 1088
351 1099
702 964
371 406
210 675
500 940
753 77
193 71
999 773
722 304
388 819
1072 178
528 734
972 593
1137 499
271 136
579 1113
554 822
625 1042
1118 987
1068 542
247 319
1116 676
902 766
458 302
49 52
34 32
1137 1149
901 1152
110 766
32 71
573 773
80 375
1004 554
1005 896
761 1077
442 524
926 371
416 734
50 62
626 71
901 1152
83 834
242 179
518 179
957 487
824 418
169 77
193 1088
106 524
1014 1152
178 524
229 77
705 304
45 182
1100 674
423 1152
462 1177
584 1125
103 834
759 433
802 1091
1126 845
211 678
897 853
101 1113
247 319
316 726
590 1178
979 822
342 567
991 1091
1107 1125
58 983
1010 772
296 77
1044 77
749 1030
714 595
198 542
1137 1149
744 542
117 881
589 947
264 624
198 1152
752 1113
294 678
1081 1099
294 678
319 593
314 675
279 675
825 934
126 1020
913 475
46 1113
642 766
514 236
392 1152
974 236
743 542
479 278
749 32
1114 631
649 680
800 255
872 675
105 932
124 77
902 766
40 475
997 1135
753 77
613 77
910 77
316 726
701 922
582 134
974 236
120 77
275 71
423 1152
199 532
1137 1149
907 77
72 985
84 77
762 434
510 987
415 77
615 678
343 1034
246 319
133 934
963 1178
1079 367
870 77
1164 1099
201 196
293 675
857 724
242 179
1098 404
171 722
198 1152
814 487
598 563
534 772
330 372
424 822
1097 1042
84 77
559 852
544 1113
165 1099
1090 542
537 1042
448 452
271 1064
901 542
353 710
912 272
881 967
1119 675
148 1101
853 969
981 1042
1015 842
179 793
539 964
1016 1164
715 675
52 268
344 548
67 319
476 983
1024 1178
518 179
681 62
834 855
1171 921
902 766
513 1178
722 472
1119 1113
1035 595
644 645
948 964
935 983
756 727
744 1152
867 77
897 563
97 1113
504 506
974 236
452 453
638 766
516 1088
53 192
1097 1042
370 773
873 287
963 1178
188 1088
956 474
811 136
146 77
742 178
879 1064
127 1113
362 766
488 33
228 71
142 675
716 77
653 77
660 1042
638 766
96 132
388 1073
314 1113
660 1042
379 1113
599 367
337 136
221 674
578 453
586 1046
1102 319
908 77
1010 772
578 453
598 563
534 772
342 567
198 542
853 387
713 134
398 983
903 1100
659 985
879 1064
1004 554
103 678
716 77
388 511
414 526
973 465
944 33
217 766
660 1042
110 766
552 319
230 1048
746 675
573 773
903 1100
1103 773
822 842
563 736
446 595
512 852
340 246
1006 804
981 1042
529 1088
1120 434
840 725
410 52
1060 691
264 624
413 995
648 678
61 1099
512 1178
416 845
211 678
746 1113
827 691
556 178
169 77
174 548
410 52
722 725
888 766
1041 855
514 236
561 1164
215 1130
231 179
276 77
1093 1030
728 1091
236 319
1128 882
378 983
442 1099
319 593
798 1085
765 195
580 554
625 772
900 77
1097 772
1157 526
865 678
889 474
427 319
1047 160
1138 772
322 287
1070 178
1064 62
144 678
567 319
427 319
841 595
973 465
482 77
104 487
465 319
87 1113
470 474
926 371
743 1152
465 319
112 624
264 1164
1149 1109
482 77
528 845
1030 1088
330 372
816 985
256 852
109 977
527 524
650 675
731 418
696 77
740 51
311 698
584 687
359 1088
1014 542
34 32
609 1099
467 1095
420 624
73 318
292 1046
737 805
991 548
645 77
220 532
544 675
229 77
427 319
466 984
231 179
97 675
384 195
271 136
978 822
642 766
210 675
613 77
904 487
592 319
891 1178
179 793
226 578
228 71
924 77
932 77
247 319
1029 1178
926 371
1155 1099
746 675
1128 406
510 987
247 319
112 1164
648 834
52 966
660 772
713 134
1102 319
1085 796
246 319
127 1113
228 1088
231 179
707 1099
462 1177
282 687
1172 1099
1018 1091
674 655
1066 871
210 675
147 799
568 1178
150 178
317 819
395 499
770 77
1045 1152
693 319
616 675
1090 1152
142 1113
716 77
1104 1073
117 298
354 487
968 524
212 77
870 77
193 71
185 805
808 1064
629 1152
743 1152
361 675
793 631
831 1064
891 983
742 178
625 1042
231 179
582 934
469 1042
98 77
110 766
567 319
1150 995
206 1091
369 52
427 319
1102 319
915 985
246 319
1153 1064
291 465
561 1164
1035 595
1004 921
1081 852
1025 1088
1090 1152
115 526
462 1177
1088 1099
320 542
1129 611
39 367
1107 1125
1088 983
291 465
330 372
528 304
956 474
392 1152
46 675
746 1113
277 1140
173 595
425 445
196 950
889 474
622 805
67 319
803 548
450 418
557 542
161 823
329 987
434 62
278 1178
853 988
319 593
561 624
674 655
1040 487
647 278
910 77
1097 772
245 1172
373 631
574 833
246 319
359 1088
749 32
193 1088
715 675
34 1030
914 551
231 179
32 1088
314 1113
332 675
924 77
611 367
231 179
380 77
98 77
622 255
38 195
639 404
936 804
958 673
882 847
376 77
32 1088
945 213
410 1130
743 542
897 563
567 319
865 678
701 595
322 287
590 1178
1132 523
361 675
480 1046
942 922
582 134
430 524
915 475
1020 671
345 834
749 32
984 1178
1010 772
699 77
329 987
479 278
603 611
867 77
1097 772
1042 71
67 319
423 542
1070 178
897 563
376 77
598 563
638 766
66 524
563 988
800 255
217 766
451 1113
973 465
199 1140
1169 77
319 33
462 1177
944 1034
658 486
254 822
44 983
690 486
604 611
543 852
926 371
1060 1085
752 1113
1068 1152
885 852
125 1037
197 404
719 548
514 236
742 178
749 1030
574 674
484 289
1137 1149
192 1172
1138 1042
462 364
465 319
339 803
516 71
107 109
746 675
43 124
148 174
1020 1037
537 1042
744 542
30 845
828 805
362 766
625 1042
392 1152
885 524
872 1113
980 655
56 1130
537 1042
188 71
332 675
921 822
165 983
350 1037
83 678
112 1164
225 77
32 71
828 255
1041 819
465 319
133 934
826 136
972 1034
1152 852
825 934
742 178
625 772
515 1113
325 77
571 195
503 719
1106 631
1080 678
709 921
1016 624
1172 983
959 855
71 822
585 611
93 77
1057 487
94 328
744 542
654 726
1081 983
105 932
1045 1152
342 567
644 645
1097 772
1101 631
143 325
635 474
218 1113
1021 631
337 1064
231 179
1171 921
1152 1099
474 71
488 33
968 852
461 304
1081 983
145 1085
749 32
552 319
207 404
982 328
937 804
772 1088
1108 190
319 33
316 1100
446 922
618 178
590 822
137 77
573 773
716 77
396 727
229 77
539 845
624 852
103 678
693 319
191 190
452 453
355 136
695 969
118 766
278 822
878 819
1141 1136
703 77
630 213
902 766
765 195
600 136
944 793
331 77
1090 1152
1026 1064
920 77
986 1161
935 983
34 32
1136 1048
928 1178
875 153
1090 1152
1147 822
480 1046
242 179
278 822
903 1100
920 77
101 1113
568 852
164 850
283 804
1137 499
1076 62
236 319
853 154
512 852
733 62
586 578
1090 542
1138 772
91 474
1070 178
609 822
198 1152
82 1113
987 433
1045 542
772 71
226 1046
143 47
1065 418
423 542
805 819
709 554
310 487
916 77
275 71
133 934
493 524
1119 1113
825 934
448 452
897 563
465 319
34 1030
411 995
837 934
749 1030
1010 1042
799 631
34 1030
625 1042
853 387
762 434
946 77
974 236
122 773
465 319
592 319
242 179
514 236
150 178
491 871
889 474
502 1099
469 772
926 987
616 675
635 474
102 77
474 1088
185 255
1108 995
353 710
227 367
67 319
937 768
300 62
757 1077
223 574
1102 319
1106 631
100 678
144 678
732 434
557 1152
679 512
994 741
165 852
229 77
537 772
126 1020
1023 922
557 1152
481 475
344 631
1060 691
563 736
361 1113
264 1164
173 595
67 319
464 773
217 766
930 1100
231 179
258 1061
987 882
979 1178
765 195
1160 372
1079 367
373 1091
996 822
626 1088
901 542
1177 249
395 499
1156 35
694 916
192 278
878 1073
45 182
46 675
641 766
1078 922
1068 1152
293 1113
972 1034
657 1048
555 542
1066 871
1062 822
34 1030
67 319
1004 921
180 596
1000 773
921 852
693 319
574 674
28 922
222 675
872 675
690 486
1139 995
128 125
1062 1099
1025 71
376 77
699 77
70 621
720 741
809 136
592 319
1064 62
33 1091
185 805
873 287
480 578
264 624
1164 524
488 793
53 192
1102 319
800 255
445 823
179 593
469 772
470 474
1089 984
1161 655
82 675
1177 1176
442 822
343 1034
159 822
44 852
660 1042
181 532
544 1113
1155 822
162 542
470 474
466 984
476 1099
515 1113
294 834
1001 822
863 1088
537 1042
1119 1113
242 179
502 1178
231 179
226 578
542 524
1138 1042
1102 319
1010 772
921 1099
228 1088
44 1099
312 1140
453 77
897 853
598 853
897 853
718 855
841 922
647 1172
186 182
605 611
949 524
934 511
82 675
120 77
1022 855
520 855
111 851
642 766
956 474
1137 1149
133 134
1080 834
118 766
301 548
499 122
214 766
182 822
143 47
228 71
1090 542
746 1113
120 77
886 822
395 499
534 772
753 77
996 983
412 995
376 77
98 77
974 236
1147 852
276 77
143 924
886 822
131 611
1010 1042
979 1178
622 255
534 772
542 1178
961 195
1005 896
558 136
39 367
693 319
1080 834
1060 691
176 474
694 916
179 33
729 401
162 1152
34 1030
667 766
846 318
1016 1164
103 678
299 404
518 179
140 983
264 1164
233 90
30 472
1014 1152
329 987
147 174
622 805
110 766
888 766
870 77
330 372
749 1030
742 178
1091 823
527 524
880 1064
1046 453
902 766
302 113
111 851
198 1152
670 678
938 195
320 542
1118 371
710 1178
128 1020
317 1073
1111 195
660 772
403 631
907 77
48 834
398 1178
308 532
470 474
1029 822
213 1099
1004 921
137 77
188 71
1043 822
800 255
1102 319
514 236
147 174
238 542
372 474
1138 772
1102 319
809 1064
1128 632
140 852
803 548
1045 1152
147 1101
555 542
191 190
246 319
1120 434
340 246
1014 1152
901 542
361 1113
91 474
529 71
191 995
1167 1125
897 853
1126 472
682 77
352 136
1096 1099
946 77
615 678
1030 1088
256 1178
78 1037
596 855
634 62
84 77
363 318
900 77
748 109
1138 1042
338 136
754 77
1030 71
488 593
885 822
60 487
630 984
124 77
973 465
591 791
291 465
868 1046
660 1042
1089 984
580 921
640 530
909 77
574 833
709 554
868 1046
1160 372
80 991
640 823
1147 852
886 1099
175 548
726 833
863 71
182 822
1138 772
126 1020
1010 1042
888 766
710 822
319 593
579 1113
426 687
579 675
279 1113
1155 983
541 819
442 822
245 278
1038 1088
1025 1088
91 474
655 270
334 834
1078 595
101 675
1108 190
660 1042
762 1077
162 1152
1010 1042
661 1176
374 833
403 631
479 278
1141 657
516 71
260 35
1097 1042
398 1099
115 526
127 1113
837 934
150 178
291 465
875 1115
972 593
1082 487
276 77
392 1152
685 1091
758 611
1105 62
523 773
807 655
516 1088
803 1091
512 983
320 542
178 983
446 595
951 184
351 983
280 766
591 55
589 495
46 1113
465 319
579 1113
1066 523
995 773
629 542
1030 1088
202 631
897 563
394 51
941 77
897 563
580 554
485 648
261 1073
642 766
537 772
837 934
1051 805
272 35
765 195
1093 1030
427 319
343 793
1034 631
282 687
293 1113
344 631
618 178
1113 819
83 678
150 178
222 1113
552 319
631 823
902 766
894 367
179 593
292 578
1126 304
514 236
513 1099
296 77
502 1099
874 871
630 213
71 1099
359 71
907 77
1167 1125
978 983
175 631
635 474
635 474
278 983
238 1152
1014 542
586 578
246 319
162 1152
979 983
512 524
34 32
1097 1042
956 474
124 77
641 766
616 1113
510 371
176 474
635 474
721 852
479 1172
490 77
238 1152
238 1152
280 766
534 772
592 319
138 524
277 1140
198 542
1118 987
264 1164
279 675
106 983
1055 530
767 1100
94 328
151 725
296 77
372 474
754 77
1035 595
704 964
713 134
881 839
242 179
231 179
828 805
685 548
998 52
342 567
888 766
932 77
625 772
476 983
626 71
552 319
615 678
652 676
546 976
488 1034
571 195
1042 1088
591 791
622 805
1141 657
605 611
427 319
968 852
694 916
592 319
1101 631
1100 674
693 319
34 1030
586 1046
625 772
730 511
97 1113
277 532
625 772
1158 766
1080 678
615 834
676 524
266 507
972 1034
405 367
925 934
1016 624
946 77
453 77
1060 1085
535 983
981 772
515 675
720 741
353 710
626 1088
176 474
924 77
912 1156
772 1088
757 434
80 991
974 236
973 465
319 33
593 631
224 678
561 1164
332 1113
568 852
28 922
772 71
924 77
1170 119
211 834
925 934
1158 766
173 922
213 1178
930 726
1137 1149
281 1176
1119 1113
1133 1099
1080 834
501 119
658 486
968 822
466 213
794 367
1008 136
1010 1042
547 178
802 631
492 90
693 319
175 631
329 371
828 805
105 932
660 772
1014 542
344 1091
513 983
194 404
335 77
1097 772
1171 921
1030 1088
765 195
1107 687
473 804
211 834
339 1114
363 964
112 1164
178 852
134 855
1072 178
345 834
916 77
694 916
627 74
759 88
381 796
337 1064
963 524
473 768
440 1099
626 71
510 371
339 1114
47 77
276 77
872 675
126 125
956 474
926 987
351 983
981 1042
128 1020
799 548
811 136
172 178
1147 983
889 474
519 404
204 655
751 182
686 773
1093 32
480 578
453 77
1147 1178
592 319
493 822
665 418
228 71
885 983
650 675
622 805
1040 487
425 1098
958 673
147 799
923 52
428 406
423 542
123 1113
1046 453
339 206
853 854
233 1112
1038 1088
926 371
105 753
529 1088
529 71
886 1099
996 1178
744 1152
629 542
840 734
1016 1164
468 136
1133 852
371 88
863 71
263 1178
1103 773
897 853
1085 796
1071 766
520 1073
280 766
1061 655
101 1113
618 178
147 799
136 62
663 847
169 77
630 984
815 804
1043 852
82 1113
650 1113
889 474
336 524
226 578
342 567
98 77
755 50
754 77
1052 805
754 77
625 1042
1063 136
1138 1042
715 675
719 548
372 474
647 1172
353 710
618 178
34 1030
1041 819
1143 168
55 773
469 1042
1090 1152
668 1113
828 255
469 772
198 542
695 619
319 793
1115 768
694 770
491 523
567 319
909 77
518 179
465 319
38 195
449 574
914 940
1045 1152
206 631
333 77
537 1042
367 62
889 474
561 624
228 1088
148 174
488 593
222 675
465 319
293 1113
488 33
895 62
971 178
1128 88
1144 976
336 983
476 1178
181 1140
98 77
516 71
470 474
342 567
916 77
245 1172
177 985
999 773
263 1178
1171 554
732 1077
1093 32
162 542
554 822
829 74
375 631
900 77
625 772
474 1088
841 922
675 819
176 474
343 793
1090 542
175 548
653 77
1022 1073
236 319
534 1042
1004 921
396 727
246 319
510 987
342 567
1060 1085
633 136
879 136
103 678
470 474
749 1030
510 371
143 47
34 1030
678 855
905 136
581 1048
993 985
1125 367
139 195
661 249
339 1114
622 805
151 318
555 542
656 1113
245 278
1097 1042
428 88
211 834
587 655
918 822
1093 1030
981 772
182 1178
667 766
44 524
516 1088
213 983
142 1113
470 474
353 710
127 675
800 255
106 524
442 1178
1142 548
752 675
148 174
1030 71
43 124
58 822
220 1140
810 796
534 772
188 71
956 474
494 272
638 766
192 1172
451 1113
1169 77
921 852
660 1042
594 852
280 766
48 834
63 184
251 410
1164 1099
329 371
66 852
915 475
359 1088
592 319
1142 1091
718 855
510 987
834 511
653 77
416 304
973 465
371 1168
635 474
291 465
947 511
79 77
162 542
735 871
218 1113
112 1164
825 134
118 766
193 1088
906 773
1024 1099
516 1088
993 475
1160 372
905 1064
1104 819
579 675
474 1088
611 367
590 852
911 77
192 278
650 1113
974 236
61 822
579 1113
465 319
765 195
148 799
730 1073
1133 1099
992 611
809 136
335 77
667 766
65 673
474 1088
1114 548
1008 1064
95 195
702 318
629 542
46 675
1010 772
518 179
510 987
1176 1048
483 674
403 1091
468 136
926 371
941 77
1102 319
377 1099
211 678
694 770
978 822
340 246
702 304
218 675
1097 1042
592 319
645 77
143 924
1152 983
261 511
1083 195
146 77
988 967
653 77
1109 773
629 542
130 195
198 542
264 624
296 77
559 1178
33 548
669 452
1029 852
689 1177
339 1114
689 364
934 819
250 734
133 934
236 319
377 1178
1071 766
944 593
886 1178
984 852
586 578
928 852
100 678
217 766
708 804
561 624
534 772
510 987
535 1099
428 883
576 673
537 772
452 453
257 655
1101 631
1046 453
368 675
485 648
750 487
145 1085
567 319
255 855
147 799
1063 1064
351 852
609 1178
345 678
1038 71
662 655
535 524
1035 595
138 983
932 77
264 1164
541 855
453 77
584 1125
567 319
773 1048
1062 822
474 1088
206 631
156 136
1128 433
269 818
1126 734
981 1042
1043 822
563 736
294 834
527 983
225 77
1019 160
518 179
140 524
863 1088
624 822
1114 548
324 1140
216 532
105 753
331 77
1029 524
247 319
396 896
455 487
423 542
617 77
1119 675
996 852
33 631
935 524
1096 1178
570 1073
351 1178
958 673
982 328
926 371
28 922
648 834
315 77
646 672
561 624
1050 486
291 465
100 834
424 822
791 773
87 1113
507 847
476 852
144 834
1062 524
650 1113
766 77
225 77
692 631
587 655
1093 1030
101 675
885 524
58 852
752 1113
430 822
853 619
944 1034
1005 727
46 675
974 236
715 675
1010 772
695 736
427 319
1073 842
853 988
537 1042
834 819
1014 542
463 507
1142 631
320 1152
1120 434
238 542
181 532
255 511
182 852
411 190
595 1064
529 1088
91 474
157 195
907 77
474 1088
518 179
592 319
749 32
93 77
1172 822
759 632
504 506
1128 406
752 1113
765 195
917 208
63 184
134 855
1145 113
668 1113
743 542
317 855
591 801
293 1113
660 1042
145 691
488 33
693 319
83 678
529 71
1083 195
224 834
1138 1042
898 823
1030 1088
402 734
385 1178
455 487
380 77
529 1088
682 77
37 418
314 1113
1093 32
1135 52
362 766
395 499
363 734
67 319
499 122
926 987
709 554
114 52
878 855
944 33
920 77
340 246
1080 678
868 578
547 178
123 675
120 77
751 182
1118 371
40 985
84 77
827 691
592 319
561 1164
756 727
656 675
887 136
485 648
1051 805
122 773
743 542
790 773
284 807
134 1073
193 1088
1042 1088
614 852
474 1088
630 984
694 770
747 631
682 77
502 1178
616 675
133 934
229 77
1038 71
1056 727
257 655
617 77
971 178
212 77
213 1178
772 1088
1068 542
769 404
867 77
496 766
142 1113
407 208
693 319
242 179
470 474
1172 1178
87 1113
411 190
1097 772
1004 921
1118 371
82 675
946 77
109 850
513 1178
518 179
170 178
615 678
179 1034
376 77
1093 32
78 671
150 178
1126 725
1134 77
179 1034
30 318
626 71
359 1088
392 542
1078 595
350 671
589 947
864 673
48 834
704 304
910 77
1025 1088
71 822
944 793
339 803
91 474
825 134
1010 1042
1039 487
534 772
186 182
250 964
613 77
488 793
902 766
224 678
959 819
1045 1152
749 32
148 174
291 465
973 465
742 178
403 1091
124 77
1100 833
420 624
1004 554
962 1077
1136 804
669 452
343 593
872 1113
423 542
841 595
555 542
695 154
625 772
133 934
482 77
1155 524
349 77
825 934
766 77
320 1152
469 772
699 77
146 77
709 921
660 1042
609 524
694 916
155 136
926 987
772 71
744 542
714 922
1042 71
908 77
503 719
392 542
438 1113
705 845
984 983
442 524
617 77
1068 542
971 178
372 474
798 1085
604 611
301 548
379 1113
330 372
451 675
827 691
423 1152
91 474
305 724
1049 434
97 675
349 77
293 1113
1052 805
1138 1042
534 772
716 77
542 1099
320 542
359 71
238 1152
100 834
613 77
171 722
319 1034
552 319
238 542
825 134
1042 1088
462 1177
1096 1178
715 1113
461 845
1178 35
193 71
423 1152
192 1172
721 524
271 1064
518 179
1128 632
366 240
1016 1164
469 1042
1026 1064
377 1178
660 772
275 71
916 77
529 71
636 475
279 1113
1092 847
743 1152
294 678
565 976
376 77
106 852
752 1113
534 772
44 1178
255 1073
175 1091
537 1042
973 465
340 246
194 530
466 213
469 1042
407 208
395 499
552 319
625 772
926 371
878 819
743 1152
635 474
216 1140
316 1100
372 474
275 1088
43 124
1059 418
891 822
245 278
34 32
1102 319
793 1091
345 834
1093 32
901 542
1093 32
981 1042
905 1064
952 136
795 195
512 1099
504 506
689 1177
87 1113
1172 822
182 1178
282 687
1023 595
1102 319
1010 1042
1093 32
911 77
470 474
319 793
1137 499
1171 921
198 542
1106 548
693 319
338 1064
1078 922
371 37
59 77
342 567
974 236
942 922
592 319
323 445
389 773
1149 797
474 1088
344 1091
981 1042
44 983
1078 922
34 1030
883 418
28 595
753 77
1051 255
542 852
926 371
1116 676
371 240
1093 32
342 567
594 822
981 1042
87 675
918 852
1089 213
594 822
908 77
755 50
618 178
1004 921
340 246
748 109
598 853
225 77
1042 71
162 542
179 1034
955 511
294 834
749 1030
973 465
756 896
345 678
939 434
634 62
242 179
863 71
974 236
446 922
903 726
1004 554
171 722
40 985
630 213
555 1152
334 834
1043 983
974 236
263 983
275 71
93 77
71 983
593 548
328 511
333 77
797 773
616 1113
149 881
968 524
659 475
447 1140
48 678
53 192
368 675
329 987
125 671
317 511
718 1073
112 1164
981 772
508 698
926 987
376 77
588 195
120 77
427 319
749 1030
172 178
392 1152
613 77
1138 1042
184 804
563 619
71 1178
242 179
285 1130
105 932
626 1088
1080 678
148 1101
248 526
490 77
460 524
503 719
516 1088
292 1046
420 624
539 725
625 1042
643 136
268 666
759 632
465 319
191 995
919 367
1138 772
656 1113
231 179
252 773
465 319
1106 548
67 319
291 465
800 805
618 178
971 178
379 1113
707 1178
335 77
246 319
1025 1088
1155 983
120 77
1004 554
889 474
1101 1091
579 675
744 542
626 71
1138 772
457 487
218 1113
830 119
987 632
202 548
402 845
132 614
1097 772
416 472
361 1113
617 77
188 1088
1091 404
714 595
944 1034
703 77
981 772
978 1099
744 1152
527 822
238 542
271 1064
319 593
53 192
600 1064
930 726
518 179
157 195
1134 77
411 190
626 1088
651 680
422 655
494 1156
103 834
1116 676
625 772
342 567
448 452
663 418
349 77
1045 1152
616 675
962 1077
749 32
749 1030
1160 372
412 190
126 125
247 319
718 1073
110 766
1042 71
1062 852
555 1152
1046 453
209 673
353 710
969 967
908 77
811 136
514 236
513 983
701 595
830 119
1170 796
44 524
903 1100
791 773
837 934
942 922
103 678
1050 486
1071 766
956 474
1088 852
1118 987
101 675
613 77
972 33
378 1178
1169 77
93 77
1030 71
889 474
611 367
1032 611
637 823
338 136
960 842
469 1042
1042 71
474 71
29 523
427 319
44 822
453 77
1042 1088
395 1149
392 1152
979 1099
370 773
224 678
898 530
480 1046
372 474
202 631
427 319
936 1048
1023 922
691 796
598 563
609 983
469 1042
73 964
53 192
874 523
499 1109
863 1088
145 1085
342 567
296 77
1167 687
713 134
59 77
504 506
1141 1136
440 1178
592 319
67 319
643 136
888 766
987 88
721 1099
557 1152
944 793
498 62
699 77
275 1088
123 1113
1102 319
544 1113
707 1099
92 666
580 921
626 71
97 675
247 319
425 445
880 1064
623 318
1087 475
736 31
1102 319
48 678
94 817
930 1100
274 734
574 674
910 77
370 773
424 1099
634 62
43 124
694 770
437 833
58 1099
897 563
757 434
1124 90
744 1152
66 1178
1142 548
736 839
946 77
1174 51
179 33
329 987
349 77
532 268
745 1136
831 136
32 71
821 404
59 77
1114 631
537 772
144 834
245 278
951 184
910 77
143 924
469 772
59 77
1030 71
507 418
981 1042
972 33
488 793
474 71
570 511
1045 542
1097 1042
695 854
582 934
694 916
1148 734
481 985
1093 32
105 932
554 1178
432 819
1137 499
488 593
832 530
529 71
561 624
263 524
1110 724
34 32
345 678
195 855
744 1152
757 1077
427 319
590 822
273 524
320 542
320 1152
801 773
675 1073
1097 772
837 134
616 1113
245 278
388 855
1016 624
375 1091
499 122
274 318
1171 921
598 853
55 773
320 542
91 474
1016 1164
547 178
188 1088
54 1115
442 852
1137 499
186 182
926 987
264 1164
592 319
171 722
248 526
1081 1178
361 675
325 77
1071 766
1162 847
972 593
586 1046
1010 772
211 834
469 1042
112 1164
34 1030
918 852
34 32
503 719
331 77
703 77
926 987
745 1136
981 1042
420 1164
668 1113
956 474
98 77
485 648
772 1088
961 195
77 983
1172 1099
361 1113
1138 1042
443 922
924 77
246 319
981 1042
246 319
921 1178
192 1172
1060 691
616 675
802 631
638 766
186 182
175 1091
737 805
281 1176
1070 178
973 465
555 542
1096 822
1089 213
752 675
124 77
962 434
1038 71
514 236
117 298
415 77
679 512
555 1152
689 364
102 77
941 77
625 772
766 77
1102 319
563 387
117 881
488 33
1089 213
1058 1095
1025 1088
635 474
518 179
797 773
144 678
451 675
518 179
510 371
660 1042
744 1152
466 213
538 77
420 1164
899 611
176 474
1096 983
1124 1112
1142 548
176 474
973 465
325 77
341 724
1082 487
340 246
836 1048
931 574
925 134
758 611
1034 631
1021 548
256 1178
882 418
670 834
144 834
34 32
1068 542
466 213
50 62
130 195
148 799
598 853
1025 71
678 511
555 1152
350 671
679 512
1096 1099
498 62
228 71
971 178
865 678
972 793
89 262
348 574
143 47
516 1088
518 179
309 1151
1126 964
340 246
1164 983
592 319
955 819
496 766
334 834
635 474
547 178
535 1099
221 674
319 33
332 675
206 548
729 861
1070 178
453 77
320 1152
188 71
1094 1140
973 465
130 195
513 524
652 676
713 134
329 987
638 766
84 77
330 372
469 1042
36 631
465 319
132 614
597 1130
947 855
246 319
954 62
259 51
46 675
185 255
692 548
897 853
225 77
28 595
465 319
1038 1088
872 675
754 77
828 255
991 631
509 475
1046 453
944 593
695 619
66 822
617 77
185 805
701 595
1089 984
868 578
53 192
170 178
751 182
650 675
510 987
514 236
224 834
956 474
420 1164
120 77
974 236
805 819
292 1046
901 542
374 674
211 678
534 1042
340 246
342 567
693 319
448 452
479 278
543 1178
710 1099
825 134
749 32
537 772
810 796
644 645
169 77
1083 195
470 474
647 1172
555 542
415 77
336 1099
238 542
660 1042
809 1064
1171 921
225 77
91 474
479 278
385 524
450 847
641 766
140 1178
944 1034
224 678
73 734
548 530
77 1099
1093 1030
1105 62
897 853
198 542
34 32
596 511
841 595
718 819
1045 542
321 674
825 934
699 77
143 325
947 819
960 35
1041 1073
1034 548
430 1099
647 278
242 179
275 1088
588 195
534 1042
469 772
231 179
263 524
1097 772
448 452
222 1113
1178 842
743 1152
336 524
626 1088
102 77
95 195
624 1099
201 196
870 77
660 1042
1043 1178
603 611
652 676
946 77
361 1113
427 319
427 319
591 801
941 77
604 611
222 1113
704 318
980 655
654 726
1044 77
683 673
888 766
1167 1125
626 71
694 770
423 542
571 195
1093 32
638 766
1057 487
1044 77
212 77
868 1046
355 136
1038 71
428 1168
614 852
313 673
379 675
514 236
696 77
594 524
586 1046
1150 190
996 1099
645 77
906 773
922 1064
142 675
203 1009
1165 1136
437 833
112 1164
1029 1099
1097 772
514 236
648 678
45 182
996 1099
1160 372
32 71
1070 178
586 1046
928 524
1034 548
1158 766
876 530
1097 1042
793 1091
293 675
656 1113
556 178
111 851
981 772
1127 855
488 1034
678 819
1038 1088
531 160
1030 71
274 304
103 834
815 1048
749 32
1077 62
121 1095
355 136
683 62
555 542
179 1034
223 574
1126 318
101 675
981 1042
586 1046
580 921
218 1113
981 772
1018 548
897 853
981 1042
276 77
629 1152
771 833
603 611
871 773
889 474
559 983
342 567
534 772
1097 1042
619 967
377 852
712 804
1106 631
534 1042
329 987
490 77
496 766
354 487
413 190
479 1172
264 624
170 178
728 1091
868 1046
78 1037
746 675
1078 595
290 833
496 766
626 71
889 474
534 1042
296 77
941 77
940 367
1014 542
904 487
292 578
609 852
242 179
1097 1042
989 119
343 33
1172 852
254 822
1090 542
214 766
766 77
821 530
535 524
278 1178
179 593
470 474
1014 542
246 319
213 1099
147 1101
944 593
1116 676
669 452
482 77
870 77
982 328
314 675
593 548
529 1088
460 983
247 319
609 524
668 675
1090 542
112 1164
643 1064
602 1085
301 548
1068 542
973 465
140 1178
529 1088
246 319
870 77
692 631
714 595
276 77
188 71
195 511
94 328
1068 1152
466 213
515 675
337 1064
911 77
438 1113
1156 842
337 136
76 983
591 791
198 1152
342 567
1038 71
534 1042
715 675
830 796
732 434
973 465
766 77
1016 1164
280 766
974 236
188 71
770 77
727 62
144 834
956 474
897 853
274 725
1138 772
1025 1088
535 852
278 524
133 934
375 631
148 1101
515 675
635 474
801 773
105 932
1097 772
198 1152
146 77
586 578
1021 548
179 593
1097 1042
193 1088
242 179
428 824
1089 984
751 182
247 319
172 178
269 818
705 318
46 675
602 1085
972 793
280 766
143 325
325 77
567 319
114 1130
110 766
47 77
79 77
469 772
932 77
83 834
428 824
647 278
776 62
279 675
1093 1030
329 987
343 1034
438 675
1147 1099
660 772
877 168
1172 852
1088 822
395 499
379 675
1138 772
798 691
118 766
772 71
865 834
1000 773
607 262
561 1164
598 853
1098 823
121 51
159 524
742 178
1132 523
1138 772
1046 453
891 852
671 839
520 819
818 475
956 474
601 773
1072 178
660 1042
166 843
872 1113
829 74
32 1088
231 179
192 1172
591 55
645 77
1102 319
761 434
719 631
420 1164
641 766
974 236
868 578
944 793
148 1101
291 465
294 834
1155 1099
985 768
180 596
329 987
30 725
514 236
891 852
1002 418
242 179
292 1046
319 1034
888 766
598 853
633 136
669 452
432 855
282 1125
1068 1152
534 1042
343 33
1087 475
291 465
889 474
692 548
112 1164
332 1113
340 246
476 524
495 511
448 452
392 542
900 77
974 236
827 1085
548 823
440 822
514 236
434 62
944 1034
660 772
1138 772
36 548
636 985
425 1098
81 655
96 132
946 77
550 367
340 246
1106 1091
379 1113
827 691
838 1048
710 524
901 1152
212 77
903 1100
808 1064
552 319
239 487
144 834
650 675
1044 77
123 675
236 319
648 678
561 1164
1135 52
827 691
247 319
87 1113
71 852
1113 819
945 984
329 987
515 675
973 465
609 822
597 52
67 319
669 452
660 1042
944 33
324 532
