6880
236 319
579 675
339 803
1102 319
1030 71
874 523
673 404
669 452
670 834
609 1099
54 153
690 486
693 319
1042 71
222 1113
174 548
172 178
987 88
396 727
179 793
694 916
526 393
514 236
1123 113
159 822
561 1164
865 678
577 673
188 71
1093 1030
635 474
537 772
514 236
100 834
710 852
231 179
105 753
343 793
330 372
869 77
156 136
972 1034
767 1100
469 772
620 1073
534 1042
121 51
930 726
580 554
699 77
503 719
312 532
440 524
248 526
622 805
201 196
947 1073
345 678
1142 1091
314 1113
211 834
450 847
65 62
528 964
561 624
147 799
626 1088
110 766
198 1152
423 542
747 1091
628 119
534 1042
73 472
1156 842
944 33
1052 255
1170 796
150 178
683 673
631 530
465 319
188 1088
1155 852
427 319
955 1073
171 722
542 1178
1142 1091
799 548
242 179
1053 724
645 77
1137 1149
376 77
105 753
469 772
155 136
250 725
236 319
470 474
148 799
191 190
66 822
626 1088
147 1101
571 195
661 1176
1096 852
1097 772
285 1130
275 71
810 119
537 772
379 675
939 1077
625 772
255 1073
40 475
694 770
179 793
427 319
44 852
1147 852
53 192
1025 1088
371 883
516 1088
759 1168
77 852
332 1113
1134 77
614 1178
225 77
853 619
114 1130
615 834
527 852
1079 367
192 278
749 1030
348 574
1152 822
1055 404
809 136
246 319
80 375
693 319
100 678
984 983
721 852
759 883
1137 1149
54 1115
586 1046
989 119
225 77
828 805
1044 77
1155 524
78 1037
948 725
1133 524
749 32
381 119
557 1152
58 1178
294 678
471 655
118 766
717 1100
565 113
589 495
635 474
1138 1042
233 90
495 1073
1024 983
889 474
996 1178
593 548
499 797
808 136
1016 624
955 819
949 822
152 822
561 624
188 1088
1118 371
1029 1178
1042 1088
613 77
1102 319
485 648
325 77
625 1042
595 136
280 766
469 772
112 624
190 773
256 524
217 766
101 675
432 1073
118 766
94 817
1100 674
776 62
557 1152
145 1085
534 772
570 819
278 524
694 916
336 524
178 822
80 991
32 71
846 734
1007 655
701 922
162 542
510 987
694 916
222 675
973 465
1010 772
256 852
343 1034
706 77
614 524
430 1099
987 406
220 1140
575 1135
1142 631
328 1073
660 1042
1132 523
510 371
1172 852
319 593
376 77
110 766
744 1152
870 77
932 77
836 804
865 678
656 1113
1093 1030
264 624
1108 190
534 772
47 77
926 371
188 71
514 236
1016 1164
242 179
835 62
732 1077
644 645
598 563
737 805
625 772
300 62
1071 766
593 631
392 542
707 1099
83 834
837 934
97 1113
124 77
972 793
509 475
552 319
323 445
1172 1178
256 1099
94 328
877 168
1010 772
1097 772
368 675
908 77
213 524
596 1073
172 178
336 983
1088 983
948 845
372 474
361 675
567 319
198 542
510 987
837 134
1138 772
1014 542
641 766
1068 542
1085 119
510 371
1135 52
1093 1030
937 768
924 77
103 678
1132 871
1025 71
689 1177
696 77
372 474
973 465
1141 657
544 1113
1010 1042
853 988
766 77
80 375
552 319
519 823
1133 822
598 853
280 766
1160 372
329 371
192 278
488 593
878 1073
981 1042
283 1048
644 645
564 404
730 1073
721 983
343 33
1010 772
291 465
1014 542
749 1030
944 33
67 319
1106 548
810 796
424 1178
191 995
361 675
571 195
317 511
262 240
800 805
1091 404
469 1042
371 824
650 675
518 179
732 1077
1128 882
143 924
1072 178
274 318
627 74
885 524
693 319
516 1088
941 77
895 62
759 882
926 371
826 136
302 976
269 659
147 174
750 487
245 1172
34 1030
563 736
476 524
443 595
932 77
488 33
476 822
1043 1099
1137 499
981 772
1160 372
192 278
931 574
392 542
709 554
59 77
520 1073
156 136
452 453
1030 1088
683 62
641 766
699 77
29 871
215 1130
256 852
83 678
1118 371
1115 768
175 548
751 182
987 824
556 178
140 852
465 319
357 302
795 195
437 674
32 1088
143 924
821 823
652 676
127 1113
264 624
1068 542
170 178
1118 987
1107 687
512 822
246 319
625 1042
142 675
546 113
176 474
106 822
624 524
71 983
77 1178
710 524
986 1161
339 803
1046 453
339 206
803 631
455 487
330 372
630 213
84 77
451 1113
330 372
827 691
598 563
143 47
81 655
430 524
926 371
83 678
515 1113
329 987
513 1099
729 844
600 1064
746 675
164 850
759 88
1062 524
319 1034
514 236
674 655
914 940
924 77
340 246
634 62
198 542
133 934
275 1088
625 1042
34 1030
598 563
293 675
34 32
1043 1178
891 1099
1096 983
1094 532
188 1088
586 578
1075 109
1152 1099
1138 1042
278 852
213 1099
1085 119
510 371
236 319
457 487
149 298
376 77
996 983
465 319
80 991
142 1113
1134 77
1004 554
1052 805
454 677
339 803
535 524
883 847
974 236
1034 631
440 983
670 834
592 319
941 77
1029 852
1118 371
1167 1125
196 806
238 1152
91 474
915 985
897 563
424 822
236 319
301 1091
242 179
1044 77
171 722
676 983
620 511
1093 32
626 71
451 1113
34 32
735 871
214 766
696 77
1045 542
247 319
392 1152
32 1088
59 77
1093 1030
834 819
332 1113
257 655
749 1030
231 179
297 160
889 474
188 71
838 804
713 134
630 984
563 854
339 206
245 1172
465 319
247 319
616 675
140 1099
1089 984
747 631
555 542
426 687
343 1034
162 1152
656 675
466 984
897 853
853 619
148 1101
122 773
440 983
514 236
428 433
885 524
982 328
1030 1088
699 77
537 772
266 507
97 675
392 542
865 678
1099 35
247 319
660 1042
900 77
854 839
245 1172
291 465
165 1178
711 768
827 691
261 855
53 192
971 178
742 178
963 524
899 611
961 195
901 1152
493 983
853 154
339 206
955 855
34 1030
853 988
1052 255
518 179
343 33
1093 1030
144 678
668 675
469 772
709 921
1056 727
1114 631
1097 1042
587 655
699 77
246 319
907 77
1171 554
96 132
928 852
231 179
869 77
660 772
749 1030
715 1113
325 77
291 465
1102 319
557 1152
306 511
1060 1085
482 77
261 1073
529 1088
709 921
480 578
1016 1164
340 246
746 1113
162 542
942 922
91 474
957 487
319 33
247 319
380 77
993 475
339 1114
238 1152
117 298
284 807
340 246
500 940
981 772
242 179
557 542
1141 657
147 799
635 474
748 109
150 178
71 822
926 987
518 179
1141 657
1052 255
582 934
506 833
889 474
177 475
796 487
427 319
1071 766
944 593
193 71
506 833
330 372
885 1099
182 524
193 71
112 1164
536 773
513 524
908 77
198 1152
947 511
426 1125
637 823
1116 676
837 934
726 674
657 768
1138 1042
808 1064
515 1113
256 983
537 1042
670 834
166 843
169 77
1167 687
1165 1136
567 319
1088 1099
76 852
261 1073
654 1100
1114 548
91 474
645 77
251 1135
638 766
348 574
972 1034
598 853
329 371
570 1073
410 52
292 1046
490 77
459 303
45 182
733 62
1137 499
1093 32
602 1085
846 472
800 805
635 474
728 548
1030 71
1160 372
1090 542
1172 1178
1001 1099
254 852
528 472
534 1042
351 983
563 154
462 1177
97 1113
592 319
143 325
745 657
148 174
242 179
762 434
328 819
925 134
153 804
934 1073
888 766
224 678
676 1099
263 1178
932 77
343 793
469 1042
290 833
91 474
613 77
930 1100
361 1113
853 969
1043 983
242 179
589 947
1164 852
1118 987
342 567
1089 213
770 77
402 725
349 77
798 1085
624 852
563 988
101 1113
537 772
195 511
1138 772
188 71
470 474
320 542
732 434
853 387
371 883
446 595
527 852
247 319
272 842
452 453
864 673
591 791
744 1152
962 434
174 548
767 726
130 195
395 499
932 77
598 563
470 474
865 678
863 71
772 71
479 278
1004 921
514 236
212 77
628 796
226 578
378 983
363 318
315 77
329 987
362 766
887 1064
179 33
837 134
630 984
140 983
126 125
1029 524
557 542
499 790
652 676
501 796
1170 119
150 178
945 984
578 453
534 772
30 964
693 319
752 1113
578 453
231 179
539 964
751 182
188 71
351 1178
891 822
984 524
999 773
650 675
598 563
552 319
220 1140
701 922
43 124
1138 772
1061 655
578 453
1046 453
635 474
1138 772
552 319
458 302
67 319
242 179
331 77
427 319
703 77
942 922
474 71
336 1178
480 578
824 847
185 805
764 530
693 319
941 77
79 77
905 136
660 1042
541 1073
660 1042
693 319
406 847
660 1042
123 675
1049 434
476 852
306 1073
1010 772
625 772
1166 530
465 319
749 1030
879 136
1098 823
535 1178
106 852
973 465
989 796
713 934
364 249
82 1113
319 33
518 179
737 255
1046 453
594 822
469 772
34 1030
1038 71
110 766
338 136
333 77
766 77
292 578
124 77
515 675
602 691
345 834
342 567
563 736
138 852
220 532
466 984
709 921
499 790
718 1073
1030 71
644 645
669 452
407 208
901 542
577 673
987 883
34 1030
584 1125
580 921
766 77
443 922
442 524
818 985
123 675
863 71
599 367
707 852
359 71
575 1135
841 595
228 71
923 1130
446 922
982 328
1138 1042
126 125
144 678
227 367
962 1077
462 1177
657 1048
706 77
971 178
701 922
628 796
1038 1088
1043 983
787 768
1089 984
432 819
263 822
1096 1178
98 77
556 178
325 77
211 678
575 410
469 772
436 168
694 770
968 983
1042 71
636 985
945 984
984 852
1093 1030
534 772
794 367
432 819
697 1151
1106 631
1004 554
73 734
420 624
1093 32
172 178
534 1042
226 578
984 1178
142 675
1010 1042
1165 657
908 77
476 1099
708 768
379 675
1169 77
319 1034
30 845
465 319
1081 1099
1068 1152
291 465
626 1088
559 983
635 474
148 799
247 319
206 1091
137 77
395 499
707 822
242 179
972 33
728 1091
862 684
416 845
872 1113
383 367
759 433
1057 487
1010 772
656 1113
329 371
427 319
1147 1178
279 1113
693 319
667 766
1038 1088
691 119
368 675
636 475
997 1135
695 619
797 773
395 1149
395 499
1128 37
460 852
448 452
103 834
555 542
1106 631
345 834
67 319
1097 1042
228 1088
53 192
242 179
43 124
1066 871
179 593
474 1088
87 675
562 657
618 178
578 453
981 1042
920 77
291 465
626 1088
198 1152
510 987
424 852
552 319
765 195
1037 31
518 179
633 1064
424 983
828 255
609 1178
448 452
528 845
252 773
1100 833
702 472
372 474
1066 871
668 1113
935 983
901 1152
1098 530
341 724
146 77
744 1152
1102 319
918 1178
993 475
281 249
771 674
648 834
979 852
675 1073
972 1034
754 77
1054 631
586 578
414 526
470 474
915 475
741 62
628 119
1074 62
1087 475
465 319
211 834
709 554
1080 678
437 833
660 772
134 819
745 1136
743 542
96 132
615 678
637 404
1004 554
996 524
557 542
264 1164
169 77
660 772
466 213
1093 32
440 822
837 934
448 452
894 367
687 367
281 249
552 319
642 766
756 896
456 487
605 611
1002 847
278 1178
772 71
944 793
32 1088
155 1064
910 77
485 648
912 1156
359 71
172 178
743 542
222 675
1149 790
420 624
747 1091
959 855
1051 255
126 125
498 62
150 178
136 62
879 1064
1010 772
460 1178
938 195
372 474
514 236
787 804
395 1149
499 1109
592 319
742 178
926 987
543 1099
278 852
239 487
46 675
1063 1064
648 678
71 1178
180 596
916 77
534 1042
468 136
442 983
142 1113
291 465
591 55
1046 453
557 1152
571 195
475 804
434 62
717 726
126 1020
868 1046
693 319
535 1099
987 433
269 818
53 192
61 983
629 1152
342 567
1035 922
981 772
897 853
867 77
647 278
403 548
635 474
870 77
488 33
891 1178
592 319
981 1042
557 542
1137 499
742 178
630 984
692 1091
1085 796
315 77
668 675
228 71
427 319
754 77
815 804
656 1113
110 766
124 77
987 406
1054 631
100 678
132 614
598 853
112 1164
368 1113
39 367
287 532
242 179
529 1088
949 1178
142 675
728 631
438 1113
516 71
314 675
561 1164
910 77
80 375
617 77
1062 852
230 768
1071 766
54 1115
1001 852
744 1152
1042 71
911 77
1164 524
496 766
1018 1091
225 77
754 77
192 278
935 1099
1127 1073
889 474
721 852
488 33
537 1042
695 387
293 675
350 1037
749 32
1138 772
1028 487
974 236
1055 823
469 772
572 62
825 934
811 1064
987 883
283 804
1102 319
293 675
907 77
921 983
529 1088
340 246
1030 1088
1050 486
973 465
973 465
952 1064
110 766
276 77
971 178
442 1099
338 1064
872 675
918 1099
918 1099
1142 548
325 77
170 178
480 578
242 179
978 822
692 548
214 766
554 1178
979 524
169 77
246 319
367 62
650 675
351 822
103 678
469 1042
135 684
1160 372
825 934
371 824
245 278
47 77
908 77
466 984
1046 453
968 1099
903 726
359 1088
1172 983
393 806
544 1113
279 1113
575 1135
987 433
236 319
255 511
534 772
701 595
534 1042
987 632
543 852
58 524
1093 32
342 567
624 822
936 1048
47 77
271 136
1138 772
712 804
1000 773
963 524
188 1088
891 1178
749 1030
182 1178
97 675
45 182
340 246
588 195
1160 372
84 77
665 847
292 578
1075 109
1128 632
867 77
91 474
668 1113
174 631
117 881
395 499
319 793
613 77
469 772
101 675
334 834
1010 772
594 983
596 855
388 855
1117 160
622 255
209 673
552 319
175 631
1008 136
319 1034
179 33
911 77
852 35
179 593
501 119
276 77
584 687
370 773
629 1152
453 77
344 631
192 278
316 1100
148 799
958 673
594 983
142 675
255 855
1093 32
256 1178
920 77
238 542
537 772
827 691
837 134
714 922
1169 77
1120 434
557 1152
559 1099
366 240
292 1046
264 624
371 88
572 62
870 77
926 371
515 675
513 1178
616 1113
759 88
889 474
469 1042
1016 1164
335 77
749 32
878 855
821 404
378 1099
1118 987
802 631
102 77
1152 822
273 524
840 734
669 452
931 574
660 1042
926 371
996 822
221 833
139 195
608 50
926 987
246 319
606 847
143 924
567 319
246 319
841 922
396 727
1029 983
469 772
172 178
412 995
543 1178
743 1152
903 726
1138 1042
67 319
236 319
516 1088
132 614
218 675
423 542
1090 1152
1097 772
353 710
247 319
442 983
474 71
102 77
424 524
585 611
1108 190
334 678
55 773
138 1099
294 678
1128 824
924 77
633 136
1118 371
293 675
403 548
385 524
796 487
1068 1152
931 574
875 1115
45 182
624 852
226 1046
80 991
179 1034
853 387
53 192
897 563
630 213
178 852
510 987
171 722
982 817
245 1172
996 1099
1041 855
613 77
411 190
538 77
1172 1099
935 852
731 418
191 995
269 659
375 548
238 1152
868 1046
292 1046
236 319
1062 983
625 772
392 1152
867 77
416 734
923 1130
963 983
1021 548
633 136
294 834
176 474
254 1099
107 109
1032 611
185 255
400 113
316 1100
1024 1178
453 77
1102 319
590 822
196 270
534 772
1137 499
416 725
349 77
378 1178
527 983
773 804
702 725
430 822
398 983
626 71
828 805
1070 178
834 1073
320 542
280 766
340 246
511 842
1150 190
120 77
582 934
542 524
1052 255
368 1113
538 77
73 318
668 1113
920 77
188 1088
1127 819
1102 319
1090 1152
575 1135
73 964
1093 32
100 834
802 1091
563 969
897 853
371 632
552 319
403 631
482 77
482 77
1148 725
648 834
490 77
412 190
638 766
1155 822
623 472
148 799
1024 852
956 474
1005 896
735 523
106 983
1010 1042
450 418
229 77
1078 595
567 319
147 1101
236 319
537 1042
175 1091
557 1152
518 179
987 88
461 725
319 1034
769 823
818 475
1114 631
590 822
462 364
1116 676
137 77
771 674
171 722
1025 71
317 511
470 474
67 319
1004 921
66 1099
172 178
105 753
442 524
625 772
242 179
469 1042
707 983
676 524
552 319
336 524
885 822
626 1088
59 77
1026 136
359 71
224 834
735 871
342 567
803 631
644 645
151 318
685 631
203 1009
763 109
749 32
632 847
339 803
795 195
956 474
61 852
766 77
294 678
591 791
393 270
142 675
602 691
112 1164
910 77
193 1088
926 371
1014 542
319 1034
38 195
1161 655
556 178
1038 71
695 619
34 1030
430 1178
1045 542
1060 1085
537 772
642 766
897 563
483 833
1158 766
752 675
100 834
889 474
213 1178
673 823
1108 995
552 319
246 319
53 192
544 675
561 1164
949 822
837 934
604 611
198 1152
110 766
220 532
396 727
92 666
1165 1136
34 1030
487 404
124 77
273 1099
647 1172
702 318
556 178
299 823
100 678
832 823
494 272
840 304
863 71
674 655
503 719
705 734
209 673
102 77
193 1088
555 1152
746 675
897 563
1010 1042
911 77
1119 1113
144 834
897 853
795 195
451 675
1178 842
568 852
870 77
1138 1042
594 822
574 833
301 548
174 1091
914 940
361 1113
186 182
182 1178
1043 822
430 983
469 1042
1168 847
699 77
229 77
1089 213
818 475
557 1152
920 77
1060 1085
65 673
707 852
32 71
1028 487
1045 1152
915 985
145 1085
1025 1088
279 675
863 71
177 985
648 834
424 1099
654 1100
329 987
754 77
974 236
808 1064
561 1164
867 77
198 542
105 753
1124 90
1119 675
150 178
300 62
137 77
377 524
1072 178
480 578
427 319
1068 542
740 1095
501 119
332 675
635 474
294 834
626 71
617 77
96 132
1038 1088
185 805
944 793
941 77
1127 511
126 125
907 77
647 278
275 1088
452 453
1035 595
1007 655
372 474
470 474
604 611
1089 213
56 52
342 567
236 319
971 178
100 834
946 77
878 511
542 852
552 319
1160 372
578 453
342 567
67 319
185 805
367 62
98 77
691 119
488 1034
510 987
97 675
103 834
242 179
514 236
246 319
787 1048
776 62
957 487
173 922
335 77
863 1088
981 1042
1035 922
1018 548
518 179
537 772
1138 1042
134 819
527 1099
1093 1030
742 178
242 179
53 192
1102 319
537 1042
52 966
1016 624
629 1152
1174 1095
410 1130
517 74
470 474
571 195
625 772
1010 1042
87 1113
645 77
69 773
956 474
251 410
256 1099
211 678
278 983
930 726
802 548
645 77
185 255
470 474
424 1099
474 71
714 595
349 77
114 52
275 71
371 882
203 763
442 852
285 52
308 532
193 71
749 1030
32 71
198 542
749 1030
660 772
93 77
824 418
947 1073
275 71
689 1177
430 983
74 1048
691 796
630 984
897 563
79 77
600 1064
1160 372
941 77
594 1099
902 766
172 178
827 1085
429 655
648 678
898 823
567 319
838 768
212 77
43 124
482 77
339 206
205 507
871 773
362 766
563 969
333 77
933 52
179 793
710 822
132 614
591 791
34 1030
853 969
616 1113
144 678
316 1100
695 387
588 195
868 578
1128 1168
371 632
353 710
598 563
668 1113
1137 499
695 854
1097 1042
630 984
351 524
45 182
1023 595
579 675
403 1091
981 772
330 372
518 179
1051 805
942 922
547 178
920 77
1025 71
427 319
426 687
1089 984
726 833
682 77
748 109
430 1178
369 1130
482 77
425 1098
355 1064
540 525
1121 62
578 453
681 62
972 593
944 793
148 1101
534 1042
767 726
586 578
1150 995
376 77
143 325
246 319
212 77
373 1091
1018 631
373 548
753 77
675 511
908 77
77 983
669 452
1093 32
125 671
911 77
1093 1030
204 655
34 32
321 674
638 766
556 178
392 1152
851 1048
347 1115
142 675
743 1152
693 319
543 524
247 319
874 523
808 136
798 691
1136 804
328 855
944 793
669 452
236 319
152 524
972 1034
572 62
1149 1109
425 445
353 710
733 62
886 822
1097 1042
865 834
624 983
907 77
1025 71
580 554
479 278
615 834
973 465
395 499
737 255
518 179
392 1152
743 542
95 195
1162 847
188 71
886 1178
215 52
523 773
120 77
36 548
238 542
537 772
217 766
730 855
384 195
605 611
180 596
96 132
314 1113
534 1042
510 987
179 1034
537 772
909 77
1001 852
745 1136
863 71
398 822
1024 1178
1138 1042
1097 772
329 987
928 1099
69 773
373 1091
638 766
49 52
537 1042
336 983
236 319
510 371
882 418
246 319
669 452
36 631
753 77
1137 1149
1042 71
351 1099
61 1099
809 136
331 77
593 631
973 465
625 1042
695 988
1001 524
881 839
918 852
112 624
635 474
944 1034
246 319
188 1088
1010 772
367 62
301 1091
148 1101
832 404
1142 548
447 1140
695 736
657 804
941 77
1118 371
134 855
828 255
480 1046
649 680
647 1172
598 563
359 1088
291 465
959 511
385 1099
394 51
1102 319
77 524
226 578
960 35
474 1088
84 77
443 595
91 474
91 474
469 772
749 1030
188 1088
946 77
592 319
513 852
329 371
791 773
102 77
452 453
177 475
811 136
918 524
139 195
542 983
115 526
30 318
58 1099
629 1152
1068 542
902 766
1062 983
480 1046
264 1164
394 1095
945 984
1040 487
714 922
689 1177
120 77
710 1178
128 1020
1146 487
67 319
925 134
534 772
897 853
184 804
193 71
1127 511
496 766
629 542
1102 319
868 578
660 1042
972 593
214 766
154 31
515 1113
716 77
363 964
363 734
888 766
427 319
907 77
1142 631
343 1034
660 1042
176 474
385 983
148 174
212 77
798 691
218 1113
514 236
193 1088
335 77
889 474
377 822
1045 1152
1097 772
376 77
146 77
541 819
520 511
689 1177
34 32
491 871
644 645
45 182
247 319
446 595
236 319
695 988
1138 1042
749 32
1138 1042
453 77
888 766
423 1152
256 822
1034 548
223 574
668 675
329 987
224 834
427 319
34 32
362 766
719 1091
148 1101
1116 676
1006 1048
449 574
613 77
314 675
593 631
827 1085
867 77
567 319
685 1091
101 1113
245 278
378 852
420 1164
313 673
287 1140
1029 524
974 236
1116 676
1097 772
97 1113
1081 983
420 1164
1162 418
981 1042
186 182
1038 71
352 1064
379 1113
1113 1073
582 934
332 1113
97 1113
340 246
336 1099
1140 966
1097 772
944 33
984 1099
973 465
512 1178
1155 983
292 578
580 921
595 1064
642 766
379 1113
570 819
296 77
973 465
718 855
868 578
770 77
216 532
195 855
1082 487
355 1064
590 524
188 71
694 770
652 676
34 1030
1171 554
714 595
759 240
694 916
425 1098
462 1177
889 474
1066 871
592 319
1152 1099
96 132
760 804
529 1088
193 71
837 934
347 153
195 511
868 1046
188 71
704 734
512 852
1089 213
926 987
1078 595
371 882
1080 834
249 768
1045 1152
945 213
647 1172
218 675
933 1130
342 567
378 524
379 1113
79 77
264 1164
217 766
238 542
694 770
179 593
1042 1088
364 1176
1169 77
510 987
222 675
188 1088
146 77
352 136
534 1042
956 474
563 619
614 1178
409 871
894 367
192 1172
819 842
224 678
1177 1176
926 371
1081 852
925 134
380 77
868 578
593 548
159 1178
409 523
117 881
825 934
629 542
338 1064
474 1088
1089 984
242 179
348 574
909 77
891 1099
1010 772
45 182
716 77
1016 624
165 1099
143 325
635 474
339 803
93 77
61 852
186 182
567 319
71 1178
112 1164
462 364
743 542
82 675
123 675
1152 852
598 853
601 773
76 1099
1093 32
826 1064
496 766
58 852
555 542
630 213
634 62
803 548
216 1140
330 372
342 567
32 71
420 1164
211 834
1042 71
372 474
744 542
620 511
989 796
646 672
1041 855
625 1042
827 1085
1172 822
34 1030
438 675
518 179
66 1178
1022 511
979 1099
994 741
150 178
682 77
716 77
615 834
828 255
504 506
216 532
214 766
879 1064
547 178
1019 160
623 845
152 1099
573 773
172 178
574 674
321 833
693 319
34 1030
900 77
1131 1095
403 631
1139 190
34 32
1018 631
500 940
301 631
265 113
529 71
1093 32
689 364
231 179
488 1034
709 921
291 465
746 1113
518 179
984 1178
872 675
749 1030
624 1178
479 1172
534 1042
795 195
353 710
733 62
106 1099
516 1088
334 834
714 595
87 675
706 77
730 511
629 542
368 675
586 578
1114 1091
580 921
973 465
1045 1152
994 741
583 611
932 77
800 805
162 1152
944 793
537 1042
320 1152
429 655
345 834
1103 773
881 31
152 983
749 32
868 578
754 77
1051 255
359 1088
1038 1088
221 674
614 983
1004 921
247 319
28 922
368 675
559 1178
869 77
721 983
741 62
898 530
1016 624
811 1064
229 77
805 1073
469 1042
1025 1088
872 1113
922 1064
1098 404
1147 1178
423 1152
332 675
376 77
245 1172
520 1073
362 766
1044 77
1063 1064
84 77
133 934
974 236
1138 1042
1113 511
415 77
567 319
746 1113
757 434
654 726
424 852
1078 595
772 71
178 524
1035 922
1102 319
480 1046
420 1164
452 453
1005 727
518 179
185 805
503 719
1010 772
1137 499
78 1037
148 174
828 805
652 676
529 1088
542 852
835 673
159 1099
589 947
1025 71
468 136
1054 1091
44 983
445 404
123 675
628 796
1118 987
534 772
956 474
693 319
707 524
534 1042
58 1178
699 77
335 77
157 195
901 1152
974 236
889 474
802 548
67 319
502 852
67 319
123 1113
238 1152
106 524
1152 1178
994 741
458 1123
67 319
726 674
217 766
626 1088
127 1113
730 1073
130 195
128 125
37 418
959 1073
411 995
921 1178
1068 542
340 246
749 1030
451 1113
1116 676
385 983
359 1088
514 236
502 1178
316 726
687 367
1119 675
895 62
623 964
463 507
1169 77
642 766
1025 71
1051 255
956 474
80 991
656 675
1077 62
170 178
336 852
869 77
596 819
1009 109
617 77
351 1178
381 796
868 1046
179 1034
673 530
1118 371
124 77
706 77
760 1048
721 524
71 852
981 772
359 1088
276 77
179 1034
544 1113
991 1091
279 1113
911 77
837 934
423 1152
368 1113
457 487
773 1048
275 1088
1111 195
1010 1042
72 985
561 1164
143 325
598 563
162 542
212 77
435 530
625 1042
743 1152
293 1113
742 178
905 136
205 507
534 1042
45 182
82 1113
1024 822
954 62
889 474
758 611
1080 834
81 655
660 1042
668 675
446 595
828 255
1060 691
981 772
142 1113
1046 453
1010 1042
645 77
1016 1164
409 871
179 793
274 472
1062 524
537 772
223 574
379 675
242 179
485 648
1108 190
1060 1085
465 319
131 611
347 153
1108 995
1097 772
215 1130
973 465
359 71
1030 1088
552 319
292 578
67 319
206 548
1000 773
567 319
306 819
263 983
172 178
749 32
529 71
598 853
695 969
654 726
926 987
513 983
342 567
134 511
944 593
1097 1042
173 595
423 1152
626 1088
340 246
568 524
561 624
228 71
231 179
1058 51
1097 1042
102 77
448 452
888 766
1071 766
496 766
236 319
630 984
1063 136
625 772
516 1088
973 465
82 1113
1023 595
930 726
974 236
1081 524
981 772
650 675
340 246
598 853
615 678
1021 631
800 255
982 328
488 593
46 1113
1059 418
625 772
971 178
274 964
1035 595
762 1077
1093 1030
456 487
247 319
579 1113
1125 367
939 1077
800 255
568 983
715 1113
246 319
145 1085
1126 845
975 1151
255 819
392 1152
537 1042
423 542
223 574
616 1113
552 319
1118 371
973 465
1152 524
162 542
231 179
633 1064
625 772
381 796
598 853
518 179
451 675
765 195
210 1113
552 319
469 1042
428 406
340 246
663 418
306 855
1158 766
942 595
46 1113
802 548
882 847
1124 1112
112 624
1052 805
226 578
535 983
485 648
703 77
292 1046
887 136
1087 985
147 1101
98 77
229 77
973 465
224 678
105 932
952 1064
372 474
273 524
567 319
585 611
667 766
622 255
376 77
732 434
772 71
703 77
328 819
974 236
1046 453
379 1113
927 724
1005 727
65 673
609 983
319 593
906 773
974 236
371 240
863 1088
921 524
518 179
206 1091
865 834
995 773
173 922
34 32
828 805
1120 434
1001 524
466 213
402 472
1043 1178
1076 62
34 1030
600 136
770 77
342 567
752 1113
217 766
334 678
162 1152
174 631
721 822
542 1099
1134 77
1138 1042
71 1099
147 1101
1018 631
719 631
1060 691
913 475
798 691
934 819
179 593
652 676
1051 805
182 822
292 578
918 983
561 1164
974 236
340 246
377 1178
863 1088
427 319
658 486
598 853
659 475
541 511
609 852
148 1101
479 278
231 179
118 766
905 1064
83 834
754 77
82 1113
749 32
538 77
1093 1030
800 255
756 727
1072 178
148 174
94 328
981 1042
242 179
753 77
1016 624
228 1088
236 319
1079 367
539 845
1119 1113
742 178
202 548
1060 691
897 563
629 1152
170 178
330 372
589 495
238 542
1096 822
926 987
379 1113
256 1178
1099 842
654 726
280 766
973 465
880 136
625 1042
747 548
638 766
474 71
373 631
1052 255
230 804
430 1099
1038 71
903 726
618 178
1014 1152
1118 987
811 136
1025 71
644 645
961 195
224 834
923 52
192 278
451 1113
643 136
537 1042
728 548
1010 772
464 773
296 77
495 511
903 1100
1016 624
872 1113
188 1088
554 1099
264 1164
908 77
329 987
709 921
91 474
132 614
1097 1042
298 839
1118 371
961 195
1093 32
432 855
373 548
818 985
261 511
709 554
279 1113
319 793
874 523
896 62
442 1178
317 819
1082 487
660 772
728 631
442 822
762 434
368 675
344 1091
772 71
718 819
552 319
83 678
805 819
320 542
423 542
518 179
630 984
127 675
573 773
50 62
809 1064
1001 822
667 766
1014 1152
1038 1088
132 614
342 567
795 195
460 822
586 1046
924 77
176 474
424 524
678 1073
944 1034
1044 77
371 1168
798 1085
443 595
945 984
868 578
192 1172
749 32
690 486
314 1113
1093 32
33 1091
1044 77
353 710
458 1123
91 474
226 578
638 766
1096 524
291 465
127 1113
1042 1088
93 77
388 1073
1026 136
291 465
1153 1064
968 1099
1010 1042
409 523
942 922
491 523
1133 852
772 1088
71 822
978 983
827 691
1093 1030
131 611
1126 725
208 487
361 675
498 62
1035 595
563 969
53 192
647 278
372 474
490 77
78 671
886 1099
1014 1152
1052 805
339 1114
319 793
413 995
1107 1125
767 1100
349 77
1005 727
446 595
469 772
903 1100
236 319
133 134
1024 524
130 195
493 524
195 1073
981 1042
293 1113
737 255
1051 805
693 319
693 319
1068 1152
385 524
254 1099
1014 1152
384 195
579 1113
709 921
345 834
388 819
1062 1099
956 474
749 1030
1100 674
420 624
555 1152
488 33
945 213
453 77
956 474
1016 1164
95 195
752 675
30 472
486 806
516 1088
218 675
1118 987
962 1077
793 548
1079 367
749 1030
558 136
654 1100
112 624
1051 805
79 77
883 418
630 213
377 983
412 995
1089 984
246 319
192 1172
139 195
825 934
1138 772
398 524
506 674
827 1085
230 1048
972 593
1049 1077
900 77
1113 855
1023 595
939 434
55 773
835 673
291 465
332 675
1020 671
875 153
956 474
1004 554
332 675
915 475
889 474
534 1042
176 474
971 178
1025 71
325 77
58 983
682 77
763 109
345 834
997 1135
77 524
228 1088
1030 71
236 319
179 33
1120 1077
1056 896
1004 921
91 474
541 511
28 922
474 1088
1102 319
1171 921
598 563
592 319
228 1088
514 236
1086 196
656 675
1083 195
571 195
179 793
1102 319
510 371
955 511
645 77
625 772
828 255
143 47
795 195
308 532
580 921
46 1113
465 319
534 772
703 77
746 675
1080 834
1010 1042
706 77
930 1100
891 852
773 768
197 530
493 822
198 542
815 768
709 554
372 474
593 548
543 822
1044 77
351 524
359 1088
981 772
395 1149
335 77
947 819
568 524
321 833
463 507
772 1088
650 1113
93 77
314 675
928 1178
670 678
157 195
165 524
144 834
470 474
293 1113
191 995
1166 404
333 77
468 1064
1026 1064
972 1034
667 766
949 524
744 1152
732 434
1049 434
482 77
176 474
324 1140
33 1091
722 964
128 1020
427 319
45 182
772 71
1063 136
272 35
907 77
749 32
895 62
1046 453
902 766
194 404
1137 499
239 487
104 487
814 487
559 983
1089 213
274 845
629 542
330 372
473 768
1030 1088
1102 319
148 799
1089 984
207 404
452 453
329 371
544 675
538 77
926 987
944 33
287 532
153 1048
554 852
257 655
1111 195
590 524
518 179
398 1178
179 33
897 853
941 77
60 487
1160 372
112 1164
518 179
1063 1064
465 319
333 77
1171 554
212 77
987 632
144 834
420 624
527 524
333 77
772 1088
325 77
562 657
703 77
372 474
143 924
1093 1030
627 74
561 624
903 1100
875 1115
770 77
744 542
822 35
959 511
82 675
470 474
567 319
974 236
982 328
944 1034
39 367
1171 554
969 839
749 32
961 195
979 524
693 319
555 542
989 796
43 124
291 465
87 675
258 1061
981 1042
944 1034
384 195
671 967
939 434
379 1113
210 1113
136 62
488 1034
441 52
261 819
218 1113
198 1152
1160 372
246 319
901 542
334 678
938 195
614 822
485 648
491 871
319 33
1080 678
228 1088
438 1113
591 801
446 595
524 35
1054 548
195 855
928 852
165 983
430 524
44 1178
245 278
983 842
143 325
908 77
598 853
79 77
506 674
791 773
443 922
922 1064
514 236
91 474
972 33
1047 160
1106 1091
923 52
1137 1149
1150 190
398 1099
103 678
123 1113
932 77
670 834
561 624
1118 987
703 77
105 932
350 671
161 404
571 195
878 819
483 674
543 1178
547 178
798 1085
799 631
61 1178
863 1088
381 119
709 554
329 987
82 675
918 1178
828 805
618 178
105 932
329 987
40 985
595 136
292 578
592 319
878 819
638 766
1038 1088
80 991
544 675
877 843
694 916
613 77
696 77
347 1115
941 77
443 922
395 499
127 1113
438 1113
793 1091
293 1113
380 77
800 255
608 50
143 325
236 319
969 31
642 766
1060 691
384 195
616 675
981 772
430 852
675 819
1057 487
340 246
479 278
387 839
926 371
596 819
246 319
124 77
1078 595
635 474
580 921
259 1095
127 1113
250 964
159 1099
362 766
162 1152
147 1101
257 655
53 192
395 499
143 924
704 304
567 319
275 1088
282 687
464 773
667 766
555 1152
1172 1099
829 74
58 822
921 1099
933 1130
981 1042
474 817
178 822
236 319
1102 319
767 1100
381 796
159 524
828 805
620 819
415 77
625 1042
828 255
34 32
396 896
1070 178
118 766
944 593
389 773
1068 1152
66 1099
588 195
1164 524
1111 195
899 611
316 1100
427 319
910 77
974 236
502 1099
971 178
699 77
538 77
1066 523
693 319
757 1077
202 548
176 474
515 675
1146 487
342 567
372 474
1043 852
868 578
34 1030
260 842
710 983
147 1101
510 987
138 524
196 950
1172 524
147 174
558 136
516 71
28 595
405 367
455 487
578 453
644 645
363 472
909 77
292 578
867 77
535 1099
921 1099
1024 524
661 1176
339 803
851 768
972 593
345 678
922 136
466 213
561 624
94 328
611 367
1171 554
87 1113
465 319
373 548
466 984
1045 1152
743 542
156 1064
95 195
331 77
692 631
616 1113
1040 487
392 542
112 624
231 179
1143 843
1062 1178
67 319
1044 77
1101 1091
465 319
715 1113
737 805
48 834
735 523
988 967
306 819
1072 178
535 983
1034 1091
141 240
189 328
1004 921
1118 987
514 236
1093 1030
248 526
428 406
46 1113
702 304
1014 1152
636 985
192 278
533 773
926 371
579 675
423 542
166 168
910 77
626 71
342 567
1070 178
479 1172
650 1113
730 819
33 548
214 766
1104 819
392 542
395 1149
979 983
1043 822
1171 921
469 772
453 77
766 77
757 1077
402 845
291 465
242 179
948 964
320 542
888 766
458 302
329 371
496 766
242 179
428 1168
238 1152
321 674
908 77
122 773
714 922
615 834
185 255
825 134
480 578
527 524
1160 372
935 983
770 77
61 524
434 62
652 676
1080 678
151 845
593 1091
600 136
990 1064
945 984
97 675
1160 372
228 1088
537 1042
1025 71
178 1099
990 136
1090 1152
361 1113
179 33
1102 319
359 71
570 1073
1138 1042
660 772
34 32
1081 524
629 542
592 319
567 319
245 1172
925 134
100 678
1138 1042
662 655
144 678
145 1085
329 987
759 433
138 1178
94 328
343 593
643 1064
990 136
423 542
1072 178
926 371
992 611
46 675
148 1101
582 934
510 371
793 1091
48 678
746 1113
225 77
466 984
48 678
485 648
469 772
179 33
242 179
480 578
963 983
594 1099
615 678
494 272
910 77
681 62
131 611
481 985
1020 1037
93 77
264 1164
981 772
123 1113
493 852
213 1178
375 631
300 62
151 725
749 32
759 632
67 319
119 487
632 418
345 678
1034 1091
179 33
1093 32
238 542
133 134
801 773
1137 499
1138 772
466 213
626 1088
555 542
242 179
1004 921
1097 1042
623 304
83 678
470 474
330 372
246 319
320 1152
193 71
76 983
488 793
566 724
152 983
579 1113
1118 987
162 1152
658 486
978 524
339 1114
106 852
579 675
480 1046
984 822
756 896
1111 195
626 71
918 852
447 532
264 1164
588 195
1096 983
320 1152
853 969
170 178
285 52
499 122
1086 196
395 499
115 526
805 819
56 1130
369 52
916 77
485 648
676 524
571 195
429 655
1045 542
111 230
340 246
426 1125
1164 822
46 675
1004 921
537 772
332 1113
479 1172
410 1130
1081 1099
697 478
266 507
1133 1178
246 319
440 1099
319 593
182 852
151 472
757 434
263 822
173 595
830 119
334 834
945 213
1097 1042
900 77
296 77
359 71
872 1113
550 367
1149 122
36 548
339 206
67 319
462 1177
579 1113
1096 852
1029 822
706 77
361 675
944 793
629 542
926 987
1102 319
442 852
66 524
926 371
1119 675
271 1064
238 1152
1080 834
945 984
749 32
972 33
224 678
973 465
247 319
1059 847
165 1178
618 178
152 1099
576 673
103 834
475 1048
72 985
206 548
316 1100
912 272
981 772
946 77
650 1113
972 33
56 52
537 1042
686 773
713 934
105 753
293 1113
480 1046
162 1152
916 77
878 855
515 675
376 77
589 947
517 74
901 1152
66 822
274 725
601 773
853 736
217 766
656 1113
561 624
294 678
62 823
946 77
1140 268
918 983
563 854
892 611
875 153
1103 773
825 134
1158 766
123 1113
159 524
870 77
1001 983
1097 772
595 1064
717 726
332 675
735 871
1167 1125
469 772
641 766
711 1048
622 255
229 77
945 213
1109 773
602 1085
415 77
504 506
319 593
273 852
256 822
1088 852
897 853
650 675
100 834
751 182
1014 542
974 236
1097 1042
1108 995
343 33
917 208
517 74
468 1064
143 325
973 465
509 985
53 192
623 725
1033 847
1016 624
916 77
1062 822
1172 983
534 772
1071 766
986 807
1010 1042
516 71
308 1140
913 985
615 834
69 773
423 542
1011 525
175 1091
319 593
1133 852
742 178
247 319
1170 119
269 659
567 319
979 1099
226 578
329 371
461 318
880 1064
565 976
514 236
185 805
828 255
452 453
293 675
981 772
197 404
802 631
79 77
722 472
103 834
1072 178
428 824
217 766
647 278
60 487
534 772
1160 372
800 805
713 134
129 1095
732 1077
448 452
814 487
871 773
315 77
749 1030
333 77
420 1164
106 1178
1093 32
660 772
377 852
1137 1149
1149 797
226 1046
201 196
1074 62
337 1064
926 987
1008 136
759 406
997 410
379 675
488 793
539 318
893 367
320 1152
550 367
909 77
143 325
1097 772
488 1034
1102 319
598 853
626 71
1134 77
368 1113
1090 1152
340 246
529 1088
316 726
889 474
1006 804
926 371
1070 178
1062 1178
469 1042
592 319
329 371
1155 822
945 213
622 805
317 855
1090 542
1157 526
590 1099
423 1152
793 631
236 319
500 551
423 1152
1014 542
143 47
1170 796
1097 1042
946 77
143 47
701 595
329 371
537 1042
1090 1152
432 511
502 983
926 987
1061 655
668 675
186 182
1004 554
609 524
1169 77
752 1113
981 1042
920 77
561 1164
668 1113
159 822
751 182
284 471
320 1152
886 852
625 1042
751 182
199 532
1127 855
1068 1152
330 372
1066 523
705 472
343 1034
147 174
465 319
516 1088
772 1088
958 673
636 475
627 74
275 71
522 724
179 33
138 983
979 983
991 548
771 833
974 236
1133 983
236 319
660 1042
313 673
615 678
1102 319
563 387
112 1164
186 182
924 77
1083 195
1141 1136
897 563
385 1178
1076 62
598 563
342 567
1089 213
1128 88
210 675
974 236
589 947
207 823
789 773
981 772
962 1077
143 924
77 1178
992 611
182 822
1083 195
87 675
91 474
1097 772
103 834
276 77
117 881
169 77
996 524
1126 304
134 855
743 1152
1073 842
706 77
358 303
1119 675
991 1091
1131 51
945 984
1097 1042
631 404
717 726
34 1030
593 1091
162 542
800 255
384 195
340 246
1029 822
639 404
534 1042
43 124
588 195
702 964
486 950
143 47
137 77
229 77
630 213
693 319
1149 1109
534 772
1045 542
978 1178
510 987
945 213
537 1042
199 1140
1016 1164
84 77
330 372
59 77
981 1042
1051 805
656 1113
176 474
359 71
555 1152
756 727
990 1064
1041 511
217 766
226 578
598 563
762 434
264 624
759 1168
127 1113
165 524
334 834
654 1100
833 655
1158 766
876 823
752 1113
825 934
863 1088
1128 883
63 184
1056 896
837 134
660 1042
1104 511
955 819
1068 1152
132 614
73 725
695 154
650 675
544 675
1171 921
48 678
490 77
692 631
567 319
469 1042
198 1152
825 934
280 766
143 924
325 77
470 474
1164 1178
1153 136
353 710
72 475
897 563
138 852
635 474
955 855
193 1088
334 834
865 678
216 1140
630 213
1029 1099
653 77
664 418
503 719
930 1100
1068 542
138 822
639 530
910 77
319 33
598 563
1085 796
558 1064
515 675
1158 766
625 1042
589 495
648 678
1065 847
513 983
481 985
420 624
591 801
624 983
36 548
319 33
242 179
333 77
384 195
767 1100
342 567
567 319
931 574
1089 213
119 487
1081 822
744 1152
1068 542
538 77
720 741
518 179
701 922
479 278
757 1077
653 77
652 676
726 833
48 678
925 134
841 595
737 805
826 136
330 372
822 842
94 328
513 524
330 372
913 475
515 1113
660 1042
93 77
493 1178
1004 921
1023 595
679 512
245 1172
176 474
629 1152
567 319
111 851
613 77
547 178
737 805
563 854
331 77
282 1125
489 1095
1062 852
97 1113
1171 921
388 1073
1102 319
169 77
208 487
636 475
93 77
278 983
1085 796
1038 71
77 1099
140 852
1046 453
602 1085
290 674
256 983
991 548
427 319
466 213
1165 657
625 772
32 71
44 852
225 77
1102 319
693 319
962 434
395 499
38 195
482 77
617 77
231 179
934 511
438 675
660 1042
479 1172
946 77
480 1046
1137 499
465 319
49 52
34 1030
791 773
1164 1178
869 77
928 524
981 1042
441 1130
613 77
668 1113
563 619
926 987
469 772
981 772
753 77
1139 190
510 371
917 208
527 1178
582 134
637 530
704 318
999 773
1116 676
204 655
667 766
1038 71
559 1099
296 77
516 1088
1010 1042
321 674
715 675
308 1140
445 823
891 983
535 852
428 882
910 77
45 182
329 987
537 1042
1101 631
120 77
480 578
398 524
642 766
110 766
614 1099
512 524
963 1099
660 1042
629 1152
87 675
443 595
503 719
79 77
1090 1152
375 1091
148 174
96 132
1063 136
617 77
179 593
139 195
648 834
291 465
1038 71
174 548
542 524
1111 195
592 319
890 421
282 1125
427 319
925 934
466 984
294 834
974 236
1016 1164
34 1030
682 77
43 124
694 770
195 1073
561 624
771 833
271 1064
465 319
1043 524
67 319
1020 1037
426 687
958 673
329 371
542 1178
772 1088
1025 1088
579 675
283 768
106 983
765 195
292 1046
557 542
582 934
359 1088
420 624
437 674
630 984
984 524
331 77
835 673
928 822
145 691
622 255
563 387
1022 1073
897 853
981 1042
203 1009
218 1113
888 766
865 834
510 987
660 772
670 678
561 624
655 806
103 678
319 33
330 372
128 125
123 675
1128 882
909 77
916 77
874 871
330 372
479 1172
226 578
30 304
329 371
1118 987
476 1099
1014 542
743 542
853 854
995 773
766 77
660 772
759 406
765 195
528 725
294 834
647 1172
32 71
885 822
291 465
1007 655
385 852
1046 453
490 77
973 465
320 1152
247 319
441 1130
67 319
561 624
986 807
189 328
238 1152
295 268
834 511
1071 766
479 278
537 772
427 319
210 1113
537 1042
559 822
1133 1178
583 611
938 195
228 1088
853 854
592 319
667 766
897 853
331 77
316 1100
414 526
147 1101
1160 372
956 474
1055 530
749 32
683 673
218 675
313 673
291 465
510 371
1083 195
1080 678
470 474
1097 772
1137 1149
719 1091
474 1088
690 486
704 725
1102 319
54 1115
133 134
151 734
291 465
350 671
537 772
626 1088
544 1113
743 1152
875 1115
276 77
1052 255
343 793
413 995
1016 1164
112 624
584 1125
71 1099
909 77
900 77
179 793
193 71
60 487
333 77
691 796
897 563
625 772
518 179
1171 921
247 319
178 1099
476 983
87 675
1025 1088
247 319
1097 1042
84 77
746 1113
589 495
633 136
668 675
920 77
972 593
703 77
1069 823
402 318
942 595
801 773
684 160
376 77
84 77
1068 542
542 983
1114 1091
466 213
342 567
625 772
1038 71
592 319
223 574
1102 319
481 475
488 593
380 77
742 178
1171 554
867 77
1111 195
1175 773
349 77
34 1030
43 124
142 675
1090 1152
668 675
211 834
510 371
352 136
705 845
889 474
1045 1152
494 1156
290 833
879 136
395 499
32 1088
1030 1088
258 1061
369 52
527 822
830 796
810 796
574 674
542 1099
238 542
793 548
1010 772
944 793
948 734
1137 1149
647 278
693 319
557 1152
713 934
1118 371
934 819
1171 921
841 595
460 983
659 475
555 542
580 554
179 593
192 278
180 596
335 77
34 32
902 766
846 725
320 1152
140 1099
269 818
568 822
398 852
911 77
437 833
1147 822
1081 1178
1110 724
1138 1042
469 1042
434 62
333 77
481 985
561 1164
713 134
830 119
618 178
972 33
469 772
928 1099
359 1088
979 1178
656 1113
408 1095
805 855
193 1088
1077 62
1147 1099
865 834
873 287
765 195
195 819
46 1113
981 772
40 985
159 983
676 1099
480 1046
105 753
794 367
242 179
500 551
543 983
991 631
772 71
974 236
186 182
198 542
891 524
863 1088
1071 766
176 474
580 921
480 1046
568 1099
142 1113
58 1099
44 524
354 487
372 474
1046 453
752 675
534 772
1109 773
988 839
1018 548
319 33
1090 1152
29 871
485 648
534 772
889 474
161 530
653 77
1094 1140
751 182
928 524
614 852
660 772
179 793
926 371
331 77
841 595
269 818
189 328
281 1176
592 319
231 179
1010 1042
379 1113
291 465
515 675
485 648
279 1113
715 675
510 371
742 178
355 136
332 1113
251 410
907 77
921 1178
1119 1113
509 475
726 674
143 924
523 773
510 371
176 474
233 1112
901 1152
1120 1077
128 125
693 319
589 947
1157 526
693 319
716 77
371 37
831 136
564 823
375 1091
375 631
488 593
398 1178
656 675
897 563
1014 542
916 77
416 318
462 1177
45 182
150 178
1102 319
198 1152
826 1064
415 77
790 773
630 213
910 77
229 77
562 1136
653 77
482 77
671 31
331 77
152 822
982 328
213 852
368 1113
236 319
630 213
742 178
518 179
59 77
916 77
342 567
407 208
609 822
1008 1064
101 1113
479 278
972 793
242 179
908 77
1068 1152
383 367
660 772
70 621
48 834
584 687
907 77
263 1099
616 1113
250 304
54 153
34 1030
531 160
133 134
245 1172
956 474
696 77
465 319
1042 1088
1148 318
291 465
694 916
1083 195
491 871
865 678
96 132
231 179
349 77
872 1113
224 834
864 673
552 319
598 563
250 845
534 772
1014 1152
226 1046
1032 611
567 319
614 822
683 62
594 852
766 77
537 1042
137 77
554 524
1025 71
342 567
332 1113
1153 1064
87 675
972 593
192 278
701 922
465 319
853 387
914 551
264 624
547 178
424 1178
144 834
1045 1152
238 1152
183 435
469 1042
747 1091
337 136
465 319
647 1172
660 1042
293 675
225 77
956 474
218 1113
100 834
1119 675
413 190
879 1064
691 796
321 833
338 136
944 33
188 1088
1068 1152
818 985
948 472
925 934
661 249
772 1088
868 578
174 1091
174 631
653 77
420 624
1034 548
1171 554
381 119
1004 554
1093 32
112 624
1068 1152
1070 178
537 1042
886 852
715 1113
897 853
514 236
1065 418
246 319
1138 772
132 614
428 88
547 178
1093 32
502 524
128 1020
66 983
584 687
198 542
250 472
199 532
1096 1099
420 624
749 32
1169 77
737 805
176 474
245 1172
1138 1042
1045 1152
1044 77
165 852
80 991
140 524
1029 1178
437 674
743 542
1010 1042
225 77
453 77
510 371
580 554
180 596
710 822
502 852
438 675
981 1042
981 1042
395 1149
506 833
98 77
176 474
512 1099
470 474
402 304
626 71
157 195
534 772
1160 372
509 985
1010 772
319 33
120 77
629 542
841 922
661 1176
496 766
986 1161
169 77
642 766
643 1064
487 530
87 675
1103 773
799 548
592 319
547 178
222 675
974 236
343 593
1039 487
246 319
236 319
926 987
893 367
886 524
1119 1113
1152 1178
1159 487
133 934
685 548
211 834
515 675
945 213
579 1113
43 124
328 511
1125 367
389 773
744 542
1054 548
245 278
1093 32
966 666
333 77
616 675
703 77
330 372
423 542
641 766
325 77
886 1178
816 985
169 77
694 916
67 319
236 319
137 77
254 983
175 631
622 805
342 567
169 77
91 474
335 77
625 1042
342 567
925 134
1125 367
622 805
142 1113
48 834
413 190
99 680
713 134
689 1177
342 567
761 1077
275 1088
1141 1136
928 983
638 766
255 1073
701 922
986 1161
112 624
129 51
574 833
500 551
176 474
488 1034
201 196
415 77
173 595
186 182
872 1113
833 655
123 1113
452 453
400 976
332 675
1071 766
834 819
504 506
552 319
479 1172
175 548
1042 1088
453 77
473 1048
77 983
752 1113
183 435
974 236
428 37
1093 1030
336 822
926 987
660 772
1052 805
567 319
1176 768
926 371
111 230
971 178
692 631
411 995
348 574
667 766
180 596
1088 852
1025 71
827 691
619 967
1084 823
202 1091
949 1099
534 1042
485 648
396 896
718 511
727 62
681 62
754 77
900 77
630 213
67 319
469 772
993 475
800 255
557 542
130 195
743 1152
939 1077
518 179
198 1152
395 499
1167 687
586 1046
452 453
685 1091
529 1088
819 35
147 799
982 328
520 855
981 1042
43 124
759 824
523 773
515 675
518 179
91 474
465 319
410 52
841 595
314 675
889 474
909 77
590 1099
329 371
392 542
652 676
617 77
695 619
582 134
48 834
589 947
58 524
886 524
279 675
503 719
586 578
597 1130
625 772
340 246
245 278
575 410
687 367
1083 195
532 268
944 33
826 1064
236 319
1040 487
811 1064
980 655
885 983
1171 554
670 678
968 822
629 542
432 511
82 1113
1132 871
909 77
1024 1099
427 319
518 179
242 179
1089 984
182 1099
47 77
598 563
248 526
380 77
120 77
1137 499
660 1042
277 1140
416 304
548 823
1149 122
1102 319
537 772
705 725
291 465
897 563
143 47
641 766
553 724
945 984
1134 77
29 523
48 834
721 524
701 595
427 319
1010 1042
353 710
941 77
320 542
1155 852
1116 676
427 319
247 319
979 852
502 983
691 119
162 1152
885 983
488 593
324 532
1139 190
808 136
696 77
1072 178
351 983
343 1034
112 624
280 766
193 71
694 770
109 850
173 922
567 319
222 1113
87 1113
580 921
242 179
67 319
414 526
1106 1091
702 845
269 659
376 77
1052 805
428 37
1119 675
232 526
1175 773
665 418
202 631
460 1099
1158 766
210 675
443 595
264 1164
747 548
1148 472
1001 822
715 675
1138 772
214 766
641 766
133 934
296 77
808 1064
534 772
670 678
625 1042
329 371
193 1088
111 851
126 125
885 1099
972 33
1138 1042
1022 819
559 524
945 213
902 766
466 984
1171 554
712 1048
123 675
469 772
1128 824
173 922
615 834
1127 819
709 921
1116 676
759 37
752 675
203 1009
325 77
949 1099
978 1178
674 655
996 1099
1128 433
34 1030
968 983
752 675
325 77
451 675
552 319
185 255
403 1091
292 578
991 631
287 1140
579 675
351 1099
1116 676
438 675
971 178
816 985
648 678
77 822
73 845
650 1113
972 793
242 179
1078 922
707 1178
246 319
470 474
820 74
1078 922
590 983
342 567
438 1113
563 736
563 988
291 465
924 77
1054 1091
453 77
974 236
84 77
112 624
506 674
231 179
978 822
339 1114
865 678
1043 852
960 842
1113 1073
87 1113
670 678
461 472
979 822
529 1088
440 1099
171 722
770 77
317 819
678 1073
59 77
622 805
246 319
1039 487
863 71
926 371
1009 109
378 524
1114 548
32 1088
902 766
362 766
488 793
1045 1152
203 763
634 62
609 524
30 734
1010 1042
298 31
736 839
626 71
176 474
728 548
984 822
247 319
866 240
340 246
105 932
102 77
1051 255
1111 195
101 1113
228 71
34 1030
959 1073
277 532
618 178
514 236
105 753
660 772
803 548
1046 453
518 179
510 987
294 834
1138 1042
147 1101
920 77
647 278
398 1099
1164 1099
766 77
460 822
1155 524
1102 319
269 818
747 631
372 474
115 526
1020 671
752 675
473 804
836 1048
942 595
1084 404
1093 1030
825 134
656 675
246 319
1101 548
1034 631
452 453
949 852
907 77
513 822
451 675
1030 1088
974 236
36 631
368 1113
469 1042
920 77
1010 772
1097 1042
330 372
428 433
195 819
613 77
867 77
769 404
124 77
181 1140
870 77
102 77
901 1152
470 474
922 136
44 983
648 678
479 1172
132 614
598 563
144 678
982 328
238 1152
211 678
474 1088
703 77
112 1164
1097 772
154 967
469 1042
438 675
639 823
228 71
423 542
1042 71
924 77
886 983
800 805
412 190
622 805
539 725
462 364
1132 871
1102 319
395 1149
339 803
591 55
1044 77
1081 1178
106 524
520 819
744 542
972 793
427 319
79 77
359 71
1102 319
810 119
114 1130
125 1037
1127 1073
694 770
745 657
739 487
476 1178
101 675
863 1088
395 1149
534 772
1138 772
226 1046
294 834
509 475
660 772
158 487
1126 964
863 1088
641 766
238 1152
179 1034
217 766
264 1164
143 325
996 852
53 192
722 734
301 548
827 1085
82 675
749 1030
563 387
112 1164
251 1135
1097 1042
685 548
443 595
641 766
46 675
626 1088
598 853
137 77
586 578
193 1088
334 834
715 1113
284 1161
364 249
1071 766
510 371
713 934
1118 987
200 160
176 474
192 1172
499 797
978 983
889 474
83 834
504 506
139 195
935 852
638 766
801 773
374 674
1155 1178
1178 35
387 31
1014 1152
254 822
150 178
80 991
1128 433
324 532
956 474
148 799
1038 1088
91 474
438 1113
144 834
973 465
1089 984
246 319
231 179
213 983
480 1046
887 136
503 719
989 119
536 773
534 1042
945 984
192 1172
962 434
110 766
513 852
58 983
1160 372
438 675
614 524
880 1064
605 611
696 77
1054 548
825 134
1093 32
867 77
580 554
586 1046
937 1048
554 822
689 364
146 77
981 772
319 33
868 1046
835 62
887 136
748 109
276 77
488 793
720 741
707 524
636 985
48 678
753 77
169 77
991 548
189 328
374 833
661 249
153 768
343 593
279 675
562 1136
1159 487
1051 805
1042 1088
1068 542
693 319
1149 797
1004 921
678 855
1024 852
853 988
245 278
329 987
101 1113
641 766
623 318
349 77
43 124
184 1048
592 319
514 236
743 542
79 77
179 593
385 1099
799 1091
309 1151
246 319
1171 921
57 666
799 1091
320 1152
887 1064
535 524
609 852
1104 511
916 77
1093 32
602 691
299 530
242 179
273 822
635 474
466 984
306 855
721 822
529 71
479 1172
109 288
936 804
193 71
110 766
210 1113
53 192
148 799
465 319
1090 1152
951 184
744 1152
892 611
660 1042
1153 136
853 854
148 174
474 1088
1093 32
709 921
956 474
555 542
996 822
592 319
431 62
644 645
34 32
256 524
654 726
907 77
1041 819
471 655
968 852
693 319
983 35
226 1046
343 33
821 530
180 596
552 319
1118 987
372 474
1168 418
1003 1095
744 542
586 1046
125 671
474 71
250 318
1057 487
1101 1091
911 77
914 551
137 77
650 1113
231 179
469 1042
34 32
924 77
329 987
103 678
987 882
529 71
448 452
902 766
518 179
557 542
273 983
392 1152
652 676
629 1152
869 77
509 985
766 77
919 367
427 319
229 77
46 1113
825 134
170 178
743 1152
586 1046
527 983
245 1172
703 77
749 1030
918 524
534 772
945 213
1177 1176
570 855
485 648
489 51
626 71
375 548
679 512
1100 833
1153 1064
744 542
869 77
561 1164
696 77
423 1152
76 983
1024 983
518 179
28 595
557 1152
73 304
110 766
438 1113
185 805
100 834
405 367
361 1113
1107 1125
427 319
835 62
798 1085
902 766
71 524
329 371
442 822
192 1172
430 822
123 1113
1097 1042
972 1034
872 1113
905 1064
558 1064
143 325
214 766
280 766
119 487
137 77
339 206
552 319
395 499
554 852
679 512
470 474
231 179
945 984
716 77
647 278
32 1088
447 532
670 834
132 614
320 542
900 77
210 675
1062 1099
772 1088
353 710
1075 109
889 474
1012 50
55 773
552 319
670 834
488 33
446 922
959 855
203 763
1113 819
926 371
1025 1088
714 595
342 567
868 1046
1071 766
1001 1178
800 805
625 772
537 1042
635 474
315 77
147 799
242 179
140 524
344 1091
314 1113
438 1113
816 475
888 766
378 1099
555 542
29 871
231 179
557 542
251 410
353 710
34 32
713 934
1133 822
1038 1088
1097 772
758 611
43 124
567 319
197 823
147 1101
323 445
455 487
170 178
480 1046
913 475
987 37
903 1100
474 71
101 675
1080 834
88 847
872 675
938 195
609 1178
347 153
617 77
1025 1088
978 524
719 631
378 1178
246 319
468 136
598 563
29 523
997 410
76 1178
482 77
644 645
185 805
810 796
140 983
1161 655
625 772
100 678
598 563
59 77
1160 372
245 278
510 371
596 855
978 1099
222 675
340 246
660 772
346 724
231 179
925 934
635 474
514 236
80 375
261 855
686 773
722 318
188 1088
312 1140
567 319
581 1048
985 804
249 1048
1078 922
921 822
803 548
905 1064
644 645
185 255
103 678
648 678
58 852
385 852
281 1176
1097 772
451 1113
340 246
32 1088
625 772
534 772
236 319
987 1168
888 766
334 678
518 179
693 319
675 1073
739 487
105 932
826 136
372 474
1051 805
228 1088
885 1178
461 734
264 624
342 567
188 71
514 236
711 804
541 819
425 1098
876 530
1008 136
278 1099
1104 1073
275 1088
749 32
625 1042
320 542
696 77
944 1034
1082 487
428 632
292 1046
467 51
805 511
1045 542
255 855
281 1176
1118 987
954 62
258 257
911 77
717 1100
630 213
451 675
622 255
147 174
552 319
179 1034
709 921
176 474
516 71
1015 842
388 511
228 71
499 122
1002 418
538 77
231 179
374 833
747 548
708 804
317 1073
198 1152
102 77
222 675
334 678
949 524
901 1152
888 766
71 852
660 772
30 725
371 406
795 195
555 1152
956 474
329 987
263 524
872 675
695 154
82 1113
279 675
955 1073
891 852
67 319
269 659
961 195
291 465
582 134
1052 805
602 691
878 511
900 77
580 554
226 1046
752 1113
273 1178
175 631
120 77
91 474
749 32
904 487
887 1064
963 1178
427 319
1014 542
902 766
973 465
322 287
873 287
231 179
932 77
1121 62
556 178
137 77
120 77
1069 404
331 77
409 871
1078 595
247 319
544 675
1060 1085
598 853
716 77
339 1114
236 319
1089 213
352 1064
28 922
537 772
1072 178
106 1099
1109 773
635 474
292 1046
1134 77
580 921
291 465
66 1178
343 793
445 530
170 178
361 675
242 179
562 1136
465 319
715 1113
1032 611
1149 790
465 319
345 834
1052 805
722 845
238 542
909 77
767 1100
96 132
485 648
362 766
694 916
76 524
428 1168
614 983
228 1088
466 213
290 674
474 71
1021 1091
675 855
579 675
715 675
974 236
191 190
292 578
597 52
789 773
247 319
567 319
145 691
105 753
105 932
1056 727
1159 487
319 793
1115 804
145 691
236 319
1042 71
296 77
730 855
188 71
576 673
427 319
897 853
296 77
82 675
380 77
343 793
737 255
660 1042
344 631
537 1042
1068 542
855 35
695 988
1014 542
343 593
706 77
650 1113
146 77
242 179
623 734
909 77
474 71
743 542
38 195
578 453
185 805
972 33
1021 1091
868 578
513 822
592 319
462 364
186 182
96 132
392 542
1174 51
425 445
745 657
439 240
537 1042
460 1178
392 542
589 495
616 1113
274 734
1072 178
319 793
968 1178
67 319
340 246
345 678
1021 631
128 1020
469 1042
987 240
342 567
981 772
653 77
344 548
343 33
716 77
46 1113
1035 595
1102 319
211 834
490 77
635 474
1022 855
221 833
228 71
179 793
1008 1064
1014 542
756 727
483 833
1029 852
448 452
737 805
746 675
427 319
178 1178
625 1042
68 1095
345 678
602 1085
1160 372
329 371
231 179
716 77
314 675
1023 922
246 319
714 595
1138 1042
334 678
721 1099
273 983
974 236
1010 772
1016 624
314 1113
728 1091
53 192
589 495
574 674
420 1164
1090 542
853 736
34 1030
556 178
710 1178
126 1020
760 768
671 839
427 319
138 1178
935 1178
629 1152
718 1073
539 304
518 179
514 236
474 1088
926 987
207 530
670 678
944 593
719 548
319 1034
354 487
427 319
1080 834
1119 675
1138 772
544 675
104 487
709 554
537 1042
1138 772
98 77
911 77
226 578
28 922
897 563
772 71
461 964
872 675
480 578
744 1152
510 987
555 1152
713 934
58 822
985 1048
868 578
276 77
91 474
836 768
145 1085
222 1113
293 1113
561 1164
1123 976
480 578
645 77
752 1113
981 1042
679 512
1026 136
392 1152
461 845
351 822
1045 542
555 542
510 987
210 1113
1042 1088
900 77
529 71
582 134
63 184
1012 50
1118 371
94 328
514 236
211 678
598 563
600 136
765 195
520 819
872 675
359 71
937 804
1083 195
323 1098
343 793
415 77
320 1152
398 822
181 1140
125 1037
465 319
897 563
392 1152
499 122
1158 766
693 319
889 474
1088 1178
47 77
254 524
319 1034
915 475
650 675
278 822
123 675
1001 1099
213 822
1097 772
529 1088
387 967
202 631
551 367
1175 773
513 1099
150 178
124 77
170 178
112 624
247 319
547 178
469 772
680 677
675 819
1147 983
469 1042
767 726
1004 921
675 855
930 726
534 772
529 71
622 255
311 698
483 674
1118 371
162 542
420 1164
602 1085
752 675
143 47
1004 921
301 631
218 1113
1086 196
383 367
449 574
457 487
1087 985
1137 499
261 819
231 179
324 1140
891 983
241 141
930 726
1177 1176
869 77
38 195
751 182
80 375
746 1113
586 578
149 881
451 675
448 452
1104 855
703 77
105 932
224 678
1126 472
770 77
264 1164
772 71
754 77
1052 255
973 465
370 773
974 236
440 852
647 1172
222 1113
79 77
1171 554
339 206
349 77
660 772
33 548
529 71
552 319
178 852
981 772
945 984
225 77
669 452
592 319
336 822
868 1046
694 916
1030 71
482 77
380 77
462 364
1035 922
343 1034
1093 1030
1148 734
897 853
292 578
320 542
889 474
280 766
753 77
653 77
32 1088
451 675
582 934
918 822
805 855
162 542
577 673
559 822
291 465
975 478
645 77
130 195
49 1130
144 678
940 367
710 852
34 1030
448 452
226 1046
460 983
105 753
799 1091
746 675
870 77
1068 1152
247 319
407 208
47 77
590 1178
127 1113
904 487
1042 1088
568 1099
148 174
264 1164
453 77
342 567
599 367
1056 727
496 766
1119 1113
218 675
144 834
384 195
1016 1164
329 371
296 77
495 855
67 319
431 62
1034 631
922 1064
1111 195
126 1020
598 853
420 1164
465 319
676 852
968 1178
548 530
469 1042
149 298
317 1073
981 772
420 624
702 734
443 922
186 182
1106 548
133 134
105 932
428 632
798 691
460 1099
771 674
227 367
1081 822
110 766
247 319
1150 190
1041 511
586 1046
47 77
467 1095
402 734
179 1034
337 136
563 154
343 793
547 178
908 77
880 136
864 673
392 1152
192 1172
210 1113
1126 734
465 319
1087 475
1008 1064
853 736
474 1088
344 631
701 595
380 77
968 822
193 71
615 678
87 1113
754 77
911 77
469 1042
1150 995
361 1113
493 1099
1038 1088
740 51
296 77
638 766
931 574
997 410
641 766
816 985
1023 922
284 1161
488 1034
807 655
653 77
103 834
642 766
685 1091
870 77
924 77
291 465
202 548
946 77
642 766
897 853
173 922
105 932
538 77
743 542
1016 624
1167 687
146 77
481 475
164 977
1076 62
67 319
616 675
707 1178
942 595
689 1177
851 804
430 852
1147 524
1004 554
76 822
642 766
514 236
376 77
579 675
290 674
44 1099
1090 542
645 77
52 268
1038 1088
224 678
949 983
749 32
362 766
514 236
292 1046
143 325
512 983
44 524
981 1042
945 984
537 1042
343 33
1093 1030
932 77
1014 1152
863 71
1134 77
754 77
715 1113
526 393
578 453
679 512
616 675
963 852
142 675
496 766
518 179
210 675
1114 631
101 675
698 160
363 845
1138 772
189 328
1169 77
615 678
706 77
576 673
117 298
502 1178
33 548
80 991
345 834
589 495
653 77
452 453
345 678
198 1152
1070 178
1014 1152
889 474
67 319
452 453
496 766
34 32
1171 921
1078 595
510 371
1044 77
868 1046
198 542
693 319
110 766
552 319
231 179
694 770
477 680
949 1178
213 524
1010 772
961 195
585 611
586 1046
519 530
133 934
713 934
647 1172
772 1088
552 319
