1947
296 195
296 588
296 38
150 548
150 1091
150 631
150 206
150 375
150 593
150 174
150 80
150 567
150 33
150 319
93 71
93 1088
93 474
93 32
205 852
205 1099
205 524
205 1178
205 983
205 822
205 61
205 624
205 502
205 77
205 430
205 71
205 178
205 362
205 618
205 32
205 474
205 766
205 280
205 770
104 1073
104 855
104 819
104 511
104 541
104 678
104 255
104 675
104 328
104 195
104 134
104 432
104 94
104 38
104 622
104 185
104 737
104 345
104 648
104 588
104 133
190 768
190 1048
190 804
190 283
190 712
190 473
180 430
102 280
147 852
147 1099
147 524
147 1178
147 983
147 822
147 61
147 624
147 502
147 77
147 430
147 71
147 178
147 362
147 618
147 32
147 474
147 766
147 280
147 770
176 1127
176 541
155 1060
155 827
155 602
262 611
262 131
94 814
94 1159
94 455
65 852
65 1099
65 524
65 1178
65 983
65 822
65 61
65 624
65 502
65 77
65 430
65 71
65 178
65 362
65 618
65 32
65 474
65 766
65 280
65 770
22 852
22 1099
22 524
22 1178
22 983
22 822
22 61
22 624
22 502
22 77
22 430
22 71
22 178
22 362
22 618
22 32
22 474
22 766
22 280
22 770
4 852
4 1099
4 524
4 1178
4 983
4 822
4 61
4 624
4 502
4 77
4 430
4 71
4 178
4 362
4 618
4 32
4 474
4 766
4 280
4 770
295 768
295 1048
295 804
295 283
295 712
295 473
21 852
21 1099
21 524
21 1178
21 983
21 822
21 61
21 624
21 502
21 77
21 430
21 71
21 178
21 362
21 618
21 32
21 474
21 766
21 280
21 770
278 1060
278 827
278 602
3 1083
3 38
97 806
97 270
97 950
97 655
97 429
97 674
45 648
237 934
237 134
237 133
19 1072
19 618
185 1060
185 827
185 602
17 768
17 1048
17 804
17 283
17 712
17 473
149 548
149 1091
149 631
149 206
149 375
149 593
149 174
149 80
149 567
149 33
149 319
233 548
233 1091
233 631
233 206
233 375
233 593
233 174
233 80
233 567
233 33
233 319
250 852
250 1099
250 524
250 1178
250 983
250 822
250 61
250 624
250 502
250 77
250 430
250 71
250 178
250 362
250 618
250 32
250 474
250 766
250 280
250 770
194 548
194 1091
194 631
194 206
194 375
194 593
194 174
194 80
194 567
194 33
194 319
223 852
223 1099
223 524
223 1178
223 983
223 822
223 61
223 624
223 502
223 77
223 430
223 71
223 178
223 362
223 618
223 32
223 474
223 766
223 280
223 770
308 1091
308 631
308 174
308 80
308 206
308 567
308 33
308 593
308 548
308 375
308 319
58 131
58 892
107 432
107 955
42 852
42 1099
42 524
42 1178
42 983
42 822
42 61
42 624
42 502
42 77
42 430
42 71
42 178
42 362
42 618
42 32
42 474
42 766
42 280
42 770
241 530
241 404
241 823
241 673
241 487
241 62
241 548
241 631
241 381
241 39
241 174
241 457
241 119
241 65
241 602
241 80
241 206
241 455
241 683
241 567
241 33
241 136
241 593
241 131
241 367
241 611
241 375
241 691
241 319
156 548
156 1091
156 631
156 206
156 375
156 593
156 174
156 80
156 567
156 33
156 319
25 934
25 134
25 133
281 1060
281 827
281 602
101 280
103 77
103 770
103 766
103 280
103 362
248 1073
248 855
248 819
248 511
248 541
248 678
248 255
248 675
248 328
248 195
248 134
248 432
248 94
248 38
248 622
248 185
248 737
248 345
248 648
248 588
248 133
228 712
228 936
30 1091
30 631
30 174
30 80
30 206
30 567
30 33
30 593
30 548
30 375
30 319
225 1172
178 852
178 1099
178 524
178 1178
178 983
178 822
178 61
178 624
178 502
178 77
178 430
178 71
178 178
178 362
178 618
178 32
178 474
178 766
178 280
178 770
279 1060
279 827
279 602
224 1067
224 267
122 648
118 375
118 991
118 80
311 852
311 1099
311 524
311 1178
311 983
311 822
311 61
311 624
311 502
311 77
311 430
311 71
311 178
311 362
311 618
311 32
311 474
311 766
311 280
311 770
229 1073
229 855
229 819
229 511
229 541
229 678
229 255
229 675
229 328
229 195
229 134
229 432
229 94
229 38
229 622
229 185
229 737
229 345
229 648
229 588
229 133
63 805
63 255
63 737
63 185
63 622
189 768
189 1048
189 804
189 283
189 712
189 473
167 62
167 367
167 65
167 136
167 39
167 683
167 131
167 611
196 432
196 955
28 1052
28 800
28 737
28 185
64 852
64 1099
64 524
64 1178
64 983
64 822
64 61
64 624
64 502
64 77
64 430
64 71
64 178
64 362
64 618
64 32
64 474
64 766
64 280
64 770
268 35
268 842
268 511
268 524
268 328
268 94
268 38
268 134
268 362
268 541
268 61
268 195
268 622
268 502
268 624
268 618
268 185
268 32
268 678
268 255
268 178
268 737
268 474
268 675
268 77
268 766
268 345
268 432
268 280
268 430
268 648
268 588
268 770
268 71
268 133
191 1127
191 541
123 805
123 255
123 737
123 185
123 622
198 1164
198 624
261 611
261 131
34 1073
34 855
34 819
34 511
34 541
34 678
34 255
34 675
34 328
34 195
34 134
34 432
34 94
34 38
34 622
34 185
34 737
34 345
34 648
34 588
34 133
7 62
7 367
7 65
7 136
7 39
7 683
7 131
7 611
172 834
172 678
172 345
172 648
44 77
44 770
44 766
44 280
44 362
56 548
56 1091
56 631
56 206
56 375
56 593
56 174
56 80
56 567
56 33
56 319
138 852
138 1099
138 524
138 1178
138 983
138 822
138 61
138 624
138 502
138 77
138 430
138 71
138 178
138 770
138 362
138 618
138 32
138 474
138 766
138 280
87 852
87 1099
87 524
87 1178
87 983
87 822
87 61
87 624
87 502
87 77
87 430
87 71
87 178
87 770
87 362
87 618
87 32
87 474
87 766
87 280
275 852
275 1099
275 524
275 1178
275 983
275 822
275 61
275 624
275 502
275 77
275 430
275 71
275 178
275 770
275 362
275 618
275 32
275 474
275 766
275 280
114 375
114 991
114 80
75 530
75 404
75 823
75 673
75 487
75 62
75 548
75 631
75 381
75 39
75 174
75 457
75 119
75 65
75 602
75 80
75 206
75 455
75 683
75 567
75 33
75 136
75 593
75 131
75 367
75 611
75 375
75 691
75 319
49 432
49 955
137 852
137 1099
137 524
137 1178
137 983
137 822
137 61
137 624
137 502
137 77
137 430
137 71
137 178
137 362
137 618
137 32
137 474
137 766
137 280
137 770
160 1073
160 855
160 819
160 511
160 541
160 678
160 255
160 675
160 328
160 195
160 134
160 432
160 94
160 38
160 622
160 185
160 737
160 345
160 648
160 588
160 133
173 77
173 770
173 766
173 362
173 280
266 828
266 622
266 1051
246 805
246 255
246 737
246 185
246 622
136 810
136 989
136 381
1 1073
1 855
1 819
1 511
1 541
1 678
1 255
1 675
1 328
1 195
1 134
1 432
1 94
1 38
1 622
1 185
1 737
1 345
1 648
1 588
1 133
288 1127
288 541
79 77
79 770
79 766
79 280
79 362
165 375
165 991
165 80
52 768
52 1048
52 804
52 283
52 712
52 473
66 77
66 770
66 766
66 280
66 362
240 362
234 768
234 1048
234 804
234 283
234 712
234 473
257 530
257 404
257 823
257 673
257 487
257 62
257 548
257 631
257 381
257 39
257 174
257 457
257 119
257 65
257 602
257 80
257 206
257 455
257 683
257 567
257 33
257 136
257 593
257 131
257 367
257 611
257 375
257 691
257 319
207 502
287 1127
287 541
312 1072
312 618
15 852
15 1099
15 524
15 1178
15 983
15 822
15 61
15 624
15 502
15 77
15 430
15 71
15 178
15 362
15 618
15 32
15 474
15 766
15 280
15 770
197 852
197 1099
197 524
197 1178
197 983
197 822
197 61
197 624
197 502
197 77
197 430
197 71
197 178
197 770
197 280
197 766
197 474
197 32
197 618
197 362
272 712
272 936
77 1164
77 624
82 852
82 1099
82 524
82 1178
82 983
82 822
82 61
82 624
82 502
82 77
82 430
82 71
82 178
82 770
82 362
82 618
82 32
82 474
82 766
82 280
0 1164
0 624
235 1073
235 855
235 819
235 511
235 541
235 678
235 255
235 675
235 328
235 195
235 134
235 432
235 94
235 38
235 622
235 185
235 737
235 345
235 648
235 588
235 133
274 61
199 852
199 1099
199 524
199 1178
199 983
199 822
199 61
199 624
199 502
199 77
199 430
199 71
199 178
199 362
199 618
199 32
199 474
199 766
199 280
199 770
216 852
216 1099
216 524
216 1178
216 983
216 822
216 61
216 624
216 502
216 77
216 430
216 71
216 178
216 362
216 618
216 32
216 474
216 766
216 280
216 770
98 982
98 94
111 834
111 678
111 345
111 648
242 1052
242 800
242 737
242 185
100 280
280 1060
280 827
280 602
69 1083
69 38
298 1083
298 38
8 62
8 367
8 65
8 136
8 611
8 131
8 683
8 39
80 787
80 283
80 815
62 530
62 404
62 823
62 673
62 487
62 62
62 548
62 631
62 381
62 39
62 174
62 457
62 119
62 65
62 602
62 80
62 206
62 455
62 683
62 567
62 33
62 136
62 593
62 131
62 367
62 611
62 375
62 691
62 319
113 530
113 404
113 823
113 673
113 487
113 62
113 548
113 631
113 381
113 39
113 174
113 457
113 119
113 65
113 602
113 80
113 206
113 455
113 683
113 567
113 33
113 136
113 593
113 131
113 367
113 611
113 375
113 691
113 319
218 432
218 955
253 852
253 1099
253 524
253 1178
253 983
253 822
253 61
253 624
253 502
253 77
253 430
253 71
253 178
253 362
253 618
253 32
253 474
253 766
253 280
253 770
292 768
292 1048
292 804
292 283
292 712
292 473
140 71
140 1088
140 474
140 32
81 852
81 1099
81 524
81 1178
81 983
81 822
81 61
81 624
81 502
81 77
81 430
81 71
81 178
81 362
81 618
81 32
81 474
81 766
81 280
81 770
204 367
204 39
204 611
204 131
70 736
70 854
70 154
70 619
70 387
88 1127
88 541
33 375
33 991
33 80
131 35
131 842
131 511
131 524
131 328
131 94
131 38
131 134
131 362
131 541
131 61
131 195
131 622
131 502
131 624
131 618
131 185
131 32
131 678
131 255
131 178
131 737
131 474
131 675
131 77
131 766
131 345
131 432
131 280
131 430
131 648
131 588
131 770
131 71
131 133
23 852
23 1099
23 524
23 1178
23 983
23 822
23 61
23 624
23 502
23 77
23 430
23 71
23 178
23 770
23 280
23 766
23 474
23 32
23 618
23 362
220 852
220 1099
220 524
220 1178
220 983
220 822
220 61
220 624
220 502
220 77
220 430
220 71
220 178
220 770
220 280
220 766
220 474
220 32
220 618
220 362
230 806
230 270
230 950
230 655
230 429
230 674
254 852
254 1099
254 524
254 1178
254 983
254 822
254 61
254 624
254 502
254 77
254 430
254 71
254 178
254 362
254 618
254 32
254 474
254 766
254 280
254 770
187 71
187 1088
187 474
187 32
13 1052
13 800
13 737
13 185
273 61
290 852
290 1099
290 524
290 1178
290 983
290 822
290 61
290 624
290 502
290 77
290 430
290 71
290 178
290 766
290 362
290 618
290 32
290 474
290 280
290 770
133 35
133 842
133 511
133 524
133 328
133 94
133 38
133 134
133 362
133 541
133 61
133 195
133 622
133 502
133 624
133 618
133 185
133 32
133 678
133 255
133 178
133 737
133 474
133 675
133 77
133 766
133 345
133 432
133 280
133 430
133 648
133 588
133 770
133 71
133 133
48 852
48 1099
48 524
48 1178
48 983
48 822
48 61
48 624
48 502
48 77
48 430
48 71
48 178
48 770
48 280
48 766
48 474
48 32
48 618
48 362
158 530
158 404
158 823
158 673
158 487
158 62
158 548
158 631
158 381
158 39
158 174
158 457
158 119
158 65
158 602
158 80
158 206
158 455
158 683
158 567
158 33
158 136
158 593
158 131
158 367
158 611
158 375
158 691
158 319
276 934
276 134
276 133
29 1072
29 618
192 852
192 1099
192 524
192 1178
192 983
192 822
192 61
192 624
192 502
192 77
192 430
192 71
192 178
192 362
192 618
192 32
192 474
192 766
192 280
192 770
10 71
10 1088
10 474
10 32
61 280
53 548
53 1091
53 631
53 206
53 375
53 593
53 174
53 80
53 567
53 33
53 319
264 548
264 1091
264 631
264 206
264 375
264 593
264 174
264 80
264 567
264 33
264 319
16 982
16 94
72 588
72 961
6 80
124 1073
124 855
124 819
124 511
124 541
124 678
124 255
124 675
124 328
124 195
124 134
124 432
124 94
124 38
124 622
124 185
124 737
124 345
124 648
124 588
124 133
83 712
83 936
270 1073
270 855
270 819
270 511
270 541
270 678
270 255
270 675
270 328
270 195
270 134
270 432
270 94
270 38
270 622
270 185
270 737
270 345
270 648
270 588
270 133
259 611
259 131
306 71
306 1088
306 474
306 32
141 1127
141 541
302 780
307 803
307 206
307 1114
60 834
60 678
60 345
60 648
36 1073
36 855
36 819
36 511
36 541
36 678
36 255
36 675
36 328
36 195
36 134
36 432
36 94
36 38
36 622
36 185
36 737
36 345
36 648
36 588
36 133
86 548
86 1091
86 631
86 206
86 375
86 593
86 174
86 80
86 567
86 33
86 319
143 429
258 1060
258 827
258 602
255 1060
255 827
255 602
193 530
193 404
193 823
193 673
193 487
193 62
193 548
193 631
193 381
193 39
193 174
193 457
193 119
193 65
193 602
193 80
193 206
193 455
193 683
193 567
193 33
193 136
193 593
193 131
193 367
193 611
193 375
193 691
193 319
89 1127
89 541
116 375
116 991
116 80
251 852
251 1099
251 524
251 1178
251 983
251 822
251 61
251 624
251 502
251 77
251 430
251 71
251 178
251 362
251 618
251 32
251 474
251 766
251 280
251 770
294 852
294 1099
294 524
294 1178
294 983
294 822
294 61
294 624
294 502
294 77
294 430
294 71
294 178
294 362
294 618
294 32
294 474
294 766
294 280
294 770
267 828
267 622
267 1051
256 828
256 622
256 1051
39 785
317 362
301 136
301 1064
179 430
184 1060
184 827
184 602
213 814
213 1159
213 455
203 62
203 367
203 65
203 136
203 39
203 683
203 131
203 611
183 1060
183 827
183 602
219 525
26 934
26 134
26 133
78 1164
78 624
260 611
260 131
168 375
168 991
168 80
269 432
269 955
110 432
110 955
132 1083
132 38
201 1052
201 800
201 737
201 185
214 1073
214 855
214 819
214 511
214 541
214 678
214 255
214 675
214 328
214 195
214 134
214 432
214 133
214 588
214 648
214 345
214 737
214 185
214 622
214 38
214 94
127 375
127 991
127 80
222 429
208 810
208 989
208 381
299 828
299 622
299 1051
71 787
71 283
71 815
304 530
304 404
304 823
304 673
304 487
304 62
304 548
304 631
304 381
304 39
304 174
304 457
304 119
304 65
304 602
304 80
304 206
304 455
304 683
304 567
304 33
304 136
304 593
304 131
304 367
304 611
304 375
304 691
304 319
73 588
73 961
92 1091
92 631
92 174
92 80
92 206
92 567
92 33
92 593
92 548
92 375
92 319
41 787
41 283
41 815
282 1060
282 827
282 602
310 548
310 1091
310 631
310 206
310 375
310 593
310 174
310 80
310 567
310 33
310 319
236 852
236 1099
236 524
236 1178
236 983
236 822
236 61
236 624
236 502
236 77
236 430
236 71
236 178
236 362
236 618
236 32
236 474
236 766
236 280
236 770
153 548
153 1091
153 631
153 206
153 375
153 593
153 174
153 80
153 567
153 33
153 319
195 934
195 134
195 133
99 934
99 134
99 133
115 375
115 991
115 80
318 768
318 1048
318 804
318 283
318 712
318 473
239 362
117 375
117 991
117 80
182 814
182 1159
182 455
202 712
202 936
24 375
24 991
24 80
283 691
283 1085
283 602
40 280
319 1127
319 541
231 768
231 1048
231 804
231 283
231 712
231 473
162 1083
162 38
2 852
2 1099
2 524
2 1178
2 983
2 822
2 61
2 624
2 502
2 77
2 430
2 71
2 178
2 362
2 618
2 32
2 474
2 766
2 280
2 770
177 548
177 1091
177 631
177 206
177 375
177 593
177 174
177 80
177 567
177 33
177 319
31 548
31 1091
31 631
31 206
31 375
31 593
31 174
31 80
31 567
31 33
31 319
186 1060
186 827
186 602
265 852
265 1099
265 524
265 1178
265 983
265 822
265 61
265 624
265 502
265 77
265 430
265 71
265 178
265 770
265 362
265 618
265 32
265 474
265 766
265 280
211 852
211 1099
211 524
211 1178
211 983
211 822
211 61
211 624
211 502
211 77
211 430
211 71
211 178
211 770
211 362
211 618
211 32
211 474
211 766
211 280
108 1091
108 631
108 174
108 319
108 375
108 593
108 33
108 567
108 206
108 80
108 548
144 810
144 989
144 381
20 770
20 916
305 77
305 770
305 766
305 280
305 362
128 375
128 991
128 80
152 548
152 1091
152 631
152 206
152 375
152 593
152 174
152 80
152 567
152 33
152 319
169 1072
169 618
14 768
14 1048
14 804
14 283
14 712
14 473
174 530
174 404
174 823
174 673
174 487
174 62
174 548
174 631
174 381
174 39
174 174
174 457
174 119
174 65
174 602
174 80
174 206
174 455
174 683
174 567
174 33
174 136
174 593
174 131
174 367
174 611
174 375
174 691
174 319
32 375
32 991
32 80
