3143
296 195
296 588
296 38
150 548
150 1091
150 631
150 206
150 375
150 593
150 174
150 80
150 567
150 33
150 319
205 852
205 1099
205 524
205 1178
205 983
205 822
205 61
205 624
205 502
205 77
205 430
205 71
205 178
205 362
205 618
205 32
205 474
205 766
205 280
205 770
104 799
104 1101
104 174
190 852
190 1099
190 524
190 1178
190 983
190 822
190 61
190 624
190 502
190 77
190 430
190 71
190 178
190 362
190 618
190 32
190 474
190 766
190 280
190 770
126 548
126 1091
126 631
126 206
126 375
126 593
126 174
126 80
126 567
126 33
126 319
180 432
180 955
102 852
102 1099
102 524
102 1178
102 983
102 822
102 61
102 624
102 502
102 77
102 430
102 71
102 178
102 362
102 618
102 32
102 474
102 766
102 280
102 770
176 1127
176 541
155 1060
155 827
155 602
262 530
262 404
262 823
262 673
262 487
262 62
262 548
262 631
262 381
262 39
262 174
262 457
262 119
262 65
262 602
262 80
262 206
262 455
262 683
262 567
262 33
262 136
262 593
262 131
262 367
262 611
262 375
262 691
262 319
286 548
286 1091
286 631
286 206
286 375
286 593
286 319
286 33
286 567
286 80
286 174
94 852
94 1099
94 524
94 1178
94 983
94 822
94 61
94 624
94 502
94 77
94 430
94 71
94 178
94 362
94 618
94 32
94 474
94 766
94 280
94 770
91 852
91 1099
91 524
91 1178
91 983
91 822
91 61
91 624
91 502
91 77
91 430
91 71
91 178
91 362
91 618
91 32
91 474
91 766
91 280
91 770
65 530
65 404
65 823
65 673
65 487
65 62
65 548
65 631
65 381
65 39
65 174
65 457
65 119
65 65
65 602
65 80
65 206
65 455
65 683
65 567
65 33
65 136
65 593
65 131
65 367
65 611
65 375
65 691
65 319
170 814
170 1159
170 455
188 548
188 1091
188 631
188 206
188 375
188 593
188 174
188 80
188 567
188 33
188 319
291 835
291 683
291 65
109 852
109 1099
109 524
109 1178
109 983
109 822
109 61
109 624
109 502
109 77
109 430
109 71
109 178
109 362
109 618
109 32
109 474
109 766
109 280
109 770
4 805
4 255
4 737
4 185
4 622
215 530
215 404
215 823
215 673
215 487
215 62
215 548
215 631
215 381
215 39
215 174
215 457
215 119
215 65
215 602
215 80
215 206
215 455
215 683
215 567
215 33
215 136
215 593
215 131
215 367
215 611
215 375
215 691
215 319
295 768
295 1048
295 804
295 283
295 712
295 473
21 530
21 404
21 823
21 673
21 487
21 62
21 548
21 319
21 691
21 375
21 611
21 367
21 131
21 593
21 136
21 33
21 567
21 457
21 631
21 381
21 39
21 174
21 119
21 65
21 602
21 80
21 206
21 455
21 683
38 934
38 134
38 133
119 318
119 845
119 472
119 304
119 734
119 363
119 725
97 806
97 270
97 950
97 655
97 429
97 674
139 1073
139 855
139 819
139 511
139 541
139 678
139 255
139 675
139 328
139 195
139 134
139 432
139 94
139 38
139 622
139 185
139 737
139 345
139 648
139 588
139 133
45 852
45 1099
45 524
45 1178
45 983
45 822
45 61
45 624
45 502
45 77
45 430
45 71
45 178
45 362
45 618
45 32
45 474
45 766
45 280
45 770
19 548
19 1091
19 631
19 206
19 375
19 593
19 174
19 80
19 567
19 33
19 319
185 548
185 1091
185 631
185 206
185 375
185 593
185 174
185 80
185 567
185 33
185 319
17 768
17 1048
17 804
17 283
17 712
17 473
149 548
149 1091
149 631
149 206
149 375
149 593
149 174
149 80
149 567
149 33
149 319
18 429
233 548
233 1091
233 631
233 206
233 375
233 593
233 174
233 80
233 567
233 33
233 319
250 852
250 1099
250 524
250 1178
250 983
250 822
250 61
250 624
250 502
250 77
250 430
250 71
250 178
250 362
250 618
250 32
250 474
250 766
250 280
250 770
194 548
194 1091
194 631
194 206
194 375
194 593
194 174
194 80
194 567
194 33
194 319
223 530
223 404
223 823
223 673
223 487
223 62
223 548
223 631
223 381
223 39
223 174
223 457
223 119
223 65
223 602
223 80
223 206
223 455
223 683
223 567
223 33
223 136
223 593
223 131
223 367
223 611
223 375
223 691
223 319
308 1091
308 631
308 174
308 80
308 206
308 567
308 33
308 593
308 548
308 375
308 319
58 1060
58 827
58 602
107 852
107 1099
107 524
107 1178
107 983
107 822
107 61
107 624
107 502
107 77
107 430
107 71
107 178
107 362
107 618
107 32
107 474
107 766
107 280
107 770
241 567
47 834
47 678
47 345
47 648
90 852
90 1099
90 524
90 1178
90 983
90 822
90 61
90 624
90 502
90 77
90 430
90 71
90 178
90 362
90 618
90 32
90 474
90 766
90 280
90 770
156 548
156 1091
156 631
156 206
156 375
156 593
156 174
156 80
156 567
156 33
156 319
25 548
25 1091
25 631
25 206
25 375
25 593
25 174
25 80
25 567
25 33
25 319
281 530
281 404
281 823
281 673
281 487
281 62
281 548
281 631
281 381
281 39
281 174
281 457
281 119
281 65
281 602
281 80
281 206
281 455
281 683
281 567
281 33
281 136
281 593
281 131
281 367
281 611
281 375
281 691
281 319
101 852
101 1099
101 524
101 1178
101 983
101 822
101 61
101 624
101 502
101 77
101 430
101 71
101 178
101 362
101 618
101 32
101 474
101 766
101 280
101 770
103 834
103 678
103 345
103 648
248 530
248 404
248 823
248 673
248 487
248 62
248 548
248 631
248 381
248 39
248 174
248 457
248 119
248 65
248 602
248 80
248 206
248 455
248 683
248 567
248 33
248 136
248 593
248 131
248 367
248 611
248 375
248 691
248 319
228 852
228 1099
228 524
228 1178
228 983
228 822
228 61
228 624
228 502
228 77
228 430
228 71
228 178
228 362
228 618
228 32
228 474
228 766
228 280
228 770
30 1091
30 631
30 174
30 80
30 206
30 567
30 33
30 593
30 548
30 375
30 319
178 432
178 955
200 525
279 814
279 1159
279 455
224 548
224 1091
224 631
224 206
224 375
224 593
224 174
224 80
224 567
224 33
224 319
122 530
122 404
122 823
122 673
122 487
122 62
122 548
122 631
122 381
122 39
122 174
122 457
122 119
122 65
122 602
122 80
122 206
122 455
122 683
122 567
122 33
122 136
122 593
122 131
122 367
122 611
122 375
122 691
122 319
118 548
118 1091
118 631
118 206
118 375
118 593
118 319
118 174
118 80
118 567
118 33
311 805
311 255
311 737
311 185
311 622
229 852
229 1099
229 524
229 1178
229 983
229 822
229 61
229 624
229 502
229 77
229 430
229 71
229 178
229 362
229 618
229 32
229 474
229 766
229 280
229 770
63 852
63 1099
63 524
63 1178
63 983
63 822
63 61
63 624
63 502
63 77
63 430
63 71
63 178
63 362
63 618
63 32
63 474
63 766
63 280
63 770
189 474
196 852
196 1099
196 524
196 1178
196 983
196 822
196 61
196 624
196 502
196 77
196 430
196 71
196 178
196 362
196 618
196 32
196 474
196 766
196 280
196 770
84 852
84 1099
84 524
84 1178
84 983
84 822
84 61
84 624
84 502
84 77
84 430
84 71
84 178
84 770
84 280
84 766
84 474
84 32
84 618
84 362
121 852
121 1099
121 524
121 1178
121 983
121 822
121 61
121 624
121 502
121 77
121 430
121 71
121 178
121 770
121 280
121 766
121 474
121 32
121 618
121 362
123 852
123 1099
123 524
123 1178
123 983
123 822
123 61
123 624
123 502
123 77
123 430
123 71
123 178
123 770
123 280
123 766
123 474
123 32
123 618
123 362
198 852
198 1099
198 524
198 1178
198 983
198 822
198 61
198 624
198 502
198 77
198 430
198 71
198 178
198 770
198 280
198 766
198 474
198 32
198 618
198 362
261 611
261 131
243 195
243 588
243 38
154 1113
154 675
34 852
34 1099
34 524
34 1178
34 983
34 822
34 61
34 624
34 502
34 77
34 430
34 71
34 178
34 362
34 618
34 32
34 474
34 766
34 280
34 770
159 530
159 404
159 823
159 673
159 487
159 62
159 548
159 631
159 381
159 39
159 174
159 457
159 119
159 65
159 602
159 80
159 206
159 455
159 683
159 567
159 33
159 136
159 593
159 131
159 367
159 611
159 375
159 691
159 319
5 852
5 1099
5 524
5 1178
5 983
5 822
5 61
5 624
5 502
5 77
5 430
5 71
5 178
5 362
5 618
5 32
5 474
5 766
5 280
5 770
7 61
172 852
172 1099
172 524
172 1178
172 983
172 822
172 61
172 624
172 502
172 77
172 430
172 71
172 178
172 770
172 362
172 618
172 32
172 474
172 766
172 280
44 834
44 678
44 345
44 648
50 852
50 1099
50 524
50 1178
50 983
50 822
50 61
50 624
50 502
50 77
50 430
50 71
50 178
50 362
50 618
50 32
50 474
50 766
50 280
50 770
148 1036
148 1017
148 382
138 852
138 1099
138 524
138 1178
138 983
138 822
138 61
138 624
138 502
138 77
138 430
138 71
138 178
138 770
138 362
138 618
138 32
138 474
138 766
138 280
87 1067
87 267
75 548
75 1091
75 631
75 206
75 375
75 593
75 174
75 80
75 567
75 33
75 319
49 432
49 955
137 852
137 1099
137 524
137 1178
137 983
137 822
137 61
137 624
137 502
137 77
137 430
137 71
137 178
137 362
137 618
137 32
137 474
137 766
137 280
137 770
160 799
160 1101
160 174
9 852
9 1099
9 524
9 1178
9 983
9 822
9 61
9 624
9 502
9 77
9 430
9 71
9 178
9 362
9 618
9 32
9 474
9 766
9 280
9 770
173 834
173 678
173 345
173 648
246 852
246 1099
246 524
246 1178
246 983
246 822
246 61
246 624
246 502
246 77
246 430
246 71
246 178
246 362
246 618
246 32
246 474
246 766
246 280
246 770
136 1060
136 827
136 602
1 1073
1 855
1 819
1 511
1 541
1 678
1 255
1 675
1 328
1 195
1 134
1 432
1 94
1 38
1 622
1 185
1 737
1 345
1 648
1 588
1 133
163 814
163 1159
163 455
288 852
288 1099
288 524
288 1178
288 983
288 822
288 61
288 624
288 502
288 77
288 430
288 71
288 178
288 362
288 618
288 32
288 474
288 766
288 280
288 770
79 834
79 678
79 345
79 648
165 548
165 1091
165 631
165 206
165 375
165 593
165 174
165 80
165 567
165 33
165 319
52 852
52 1099
52 524
52 1178
52 983
52 822
52 61
52 624
52 502
52 77
52 430
52 71
52 178
52 362
52 618
52 32
52 474
52 766
52 280
52 770
68 852
68 1099
68 524
68 1178
68 983
68 822
68 61
68 624
68 502
68 77
68 430
68 71
68 178
68 770
68 362
68 618
68 32
68 474
68 766
68 280
66 834
66 678
66 345
66 648
240 1080
240 345
234 35
234 842
234 511
234 524
234 328
234 94
234 38
234 134
234 362
234 541
234 61
234 195
234 622
234 502
234 624
234 618
234 185
234 32
234 678
234 255
234 178
234 737
234 474
234 675
234 77
234 766
234 345
234 432
234 280
234 430
234 648
234 588
234 770
234 71
234 133
257 1060
257 827
257 602
207 1127
207 541
287 1127
287 541
130 835
130 65
130 683
312 1073
312 855
312 819
312 511
312 541
312 678
312 255
312 675
312 328
312 195
312 134
312 432
312 94
312 38
312 622
312 185
312 737
312 345
312 648
312 588
312 133
15 1112
15 90
209 35
209 842
209 511
209 524
209 328
209 94
209 38
209 134
209 362
209 541
209 61
209 195
209 622
209 502
209 624
209 618
209 185
209 32
209 678
209 255
209 178
209 737
209 474
209 675
209 77
209 766
209 345
209 432
209 280
209 430
209 648
209 588
209 770
209 71
209 133
272 852
272 1099
272 524
272 1178
272 983
272 822
272 61
272 624
272 502
272 77
272 430
272 71
272 178
272 770
272 280
272 766
272 474
272 32
272 618
272 362
77 852
77 1099
77 524
77 1178
77 983
77 822
77 61
77 624
77 502
77 77
77 430
77 71
77 178
77 770
77 280
77 766
77 474
77 32
77 618
77 362
82 1073
82 855
82 819
82 511
82 541
82 678
82 255
82 675
82 328
82 195
82 134
82 432
82 133
82 588
82 648
82 345
82 737
82 185
82 622
82 38
82 94
161 803
161 206
161 1114
0 852
0 1099
0 524
0 1178
0 983
0 822
0 61
0 624
0 502
0 77
0 430
0 71
0 178
0 770
0 362
0 618
0 32
0 474
0 766
0 280
199 768
199 1048
199 804
199 283
199 712
199 473
181 852
181 1099
181 524
181 1178
181 983
181 822
181 61
181 624
181 502
181 77
181 430
181 71
181 178
181 362
181 618
181 32
181 474
181 766
181 280
181 770
216 852
216 1099
216 524
216 1178
216 983
216 822
216 61
216 624
216 502
216 77
216 430
216 71
216 178
216 362
216 618
216 32
216 474
216 766
216 280
216 770
46 852
46 1099
46 524
46 1178
46 983
46 822
46 61
46 624
46 502
46 77
46 430
46 71
46 178
46 362
46 618
46 32
46 474
46 766
46 280
46 770
98 852
98 1099
98 524
98 1178
98 983
98 822
98 61
98 624
98 502
98 77
98 430
98 71
98 178
98 362
98 618
98 32
98 474
98 766
98 280
98 770
111 852
111 1099
111 524
111 1178
111 983
111 822
111 61
111 624
111 502
111 77
111 430
111 71
111 178
111 362
111 618
111 32
111 474
111 766
111 280
111 770
242 852
242 1099
242 524
242 1178
242 983
242 822
242 61
242 624
242 502
242 77
242 430
242 71
242 178
242 770
242 280
242 362
242 618
242 32
242 474
242 766
100 852
100 1099
100 524
100 1178
100 983
100 822
100 61
100 624
100 502
100 77
100 430
100 71
100 178
100 770
100 280
100 362
100 618
100 32
100 474
100 766
280 530
280 404
280 823
280 673
280 487
280 62
280 548
280 631
280 381
280 39
280 174
280 457
280 119
280 65
280 602
280 80
280 206
280 455
280 683
280 567
280 33
280 136
280 593
280 131
280 367
280 611
280 375
280 691
280 319
43 799
43 1101
43 174
69 548
69 1091
69 631
69 206
69 375
69 593
69 319
69 33
69 567
69 80
69 174
298 794
298 894
298 39
80 852
80 1099
80 524
80 1178
80 983
80 822
80 61
80 624
80 502
80 77
80 430
80 71
80 178
80 362
80 618
80 32
80 474
80 766
80 280
80 770
129 828
129 622
129 1051
54 803
54 206
54 1114
113 1073
113 855
113 819
113 511
113 541
113 678
113 255
113 675
113 328
113 195
113 134
113 432
113 94
113 38
113 622
113 185
113 737
113 345
113 648
113 588
113 133
218 852
218 1099
218 524
218 1178
218 983
218 822
218 61
218 624
218 502
218 77
218 430
218 71
218 178
218 362
218 618
218 32
218 474
218 766
218 280
218 770
157 852
157 1099
157 524
157 1178
157 983
157 822
157 61
157 624
157 502
157 77
157 430
157 71
157 178
157 362
157 618
157 32
157 474
157 766
157 280
157 770
253 530
253 404
253 823
253 673
253 487
253 62
253 548
253 631
253 381
253 39
253 174
253 457
253 119
253 65
253 602
253 80
253 206
253 455
253 683
253 567
253 33
253 136
253 593
253 131
253 367
253 611
253 375
253 691
253 319
247 530
247 404
247 823
247 673
247 487
247 62
247 548
247 631
247 381
247 39
247 174
247 457
247 119
247 65
247 602
247 80
247 206
247 455
247 683
247 567
247 33
247 136
247 593
247 131
247 367
247 611
247 375
247 691
247 319
292 1030
292 32
204 1073
204 855
204 819
204 511
204 541
204 678
204 255
204 675
204 328
204 195
204 134
204 432
204 94
204 38
204 622
204 185
204 737
204 345
204 648
204 588
204 133
70 35
70 842
70 511
70 524
70 328
70 94
70 38
70 134
70 362
70 541
70 61
70 195
70 622
70 502
70 624
70 618
70 185
70 32
70 678
70 255
70 178
70 737
70 474
70 675
70 77
70 766
70 345
70 432
70 280
70 430
70 648
70 588
70 770
70 71
70 133
245 588
245 961
33 548
33 1091
33 631
33 206
33 375
33 593
33 174
33 80
33 567
33 33
33 319
131 1091
131 631
131 174
131 319
131 375
131 593
131 33
131 567
131 206
131 80
131 548
314 852
314 1099
314 524
314 1178
314 983
314 822
314 61
314 624
314 502
314 77
314 430
314 71
314 178
314 770
314 280
314 766
314 474
314 32
314 618
314 362
206 548
206 1091
206 631
206 206
206 375
206 593
206 174
206 80
206 567
206 33
206 319
315 852
315 1099
315 524
315 1178
315 983
315 822
315 61
315 624
315 502
315 77
315 430
315 71
315 178
315 770
315 362
315 618
315 32
315 474
315 766
315 280
230 806
230 270
230 950
230 655
230 429
230 674
254 530
254 404
254 823
254 673
254 487
254 62
254 548
254 631
254 381
254 39
254 174
254 457
254 119
254 65
254 602
254 80
254 206
254 455
254 683
254 567
254 33
254 136
254 593
254 131
254 367
254 611
254 375
254 691
254 319
232 852
232 1099
232 524
232 1178
232 983
232 822
232 61
232 624
232 502
232 77
232 430
232 71
232 178
232 770
232 280
232 362
232 618
232 32
232 474
232 766
273 136
273 1064
112 304
112 472
112 734
112 318
112 363
112 725
95 852
95 1099
95 524
95 1178
95 983
95 822
95 61
95 624
95 502
95 77
95 430
95 71
95 178
95 766
95 362
95 618
95 32
95 474
95 280
95 770
290 852
290 1099
290 524
290 1178
290 983
290 822
290 61
290 624
290 502
290 77
290 430
290 71
290 178
290 766
290 362
290 618
290 32
290 474
290 280
290 770
133 363
133 1126
133 840
48 805
48 255
48 737
48 185
48 622
175 1013
175 417
11 982
11 94
158 530
158 404
158 823
158 673
158 487
158 62
158 548
158 631
158 381
158 39
158 174
158 457
158 119
158 65
158 602
158 80
158 206
158 455
158 683
158 567
158 33
158 136
158 593
158 131
158 367
158 611
158 375
158 691
158 319
276 934
276 134
276 133
151 852
151 1099
151 524
151 1178
151 983
151 822
151 61
151 624
151 502
151 77
151 430
151 71
151 178
151 362
151 618
151 32
151 474
151 766
151 280
151 770
29 548
29 1091
29 631
29 206
29 375
29 593
29 174
29 80
29 567
29 33
29 319
192 803
192 206
192 1114
217 1127
217 541
10 71
10 1088
10 474
10 32
61 852
61 1099
61 524
61 1178
61 983
61 822
61 61
61 624
61 502
61 77
61 430
61 71
61 178
61 770
61 362
61 618
61 32
61 474
61 766
61 280
285 548
285 1091
285 631
285 206
285 375
285 593
285 174
285 80
285 567
285 33
285 319
53 548
53 1091
53 631
53 206
53 375
53 593
53 174
53 80
53 567
53 33
53 319
264 1072
264 618
16 852
16 1099
16 524
16 1178
16 983
16 822
16 61
16 624
16 502
16 77
16 430
16 71
16 178
16 280
16 766
16 362
16 618
16 32
16 474
16 770
303 803
303 206
303 1114
72 195
72 588
72 38
300 834
300 678
300 345
300 648
124 548
124 1091
124 631
124 206
124 375
124 593
124 174
124 80
124 567
124 33
124 319
83 768
83 1048
83 804
83 283
83 712
83 473
270 852
270 1099
270 524
270 1178
270 983
270 822
270 61
270 624
270 502
270 77
270 430
270 71
270 178
270 362
270 618
270 32
270 474
270 766
270 280
270 770
259 611
259 131
171 548
171 1091
171 631
171 206
171 375
171 593
171 174
171 80
171 567
171 33
171 319
134 852
134 1099
134 524
134 1178
134 983
134 822
134 61
134 624
134 502
134 77
134 430
134 71
134 178
134 362
134 618
134 32
134 474
134 766
134 280
134 770
306 805
306 255
306 737
306 185
306 622
212 195
212 588
212 38
37 852
37 1099
37 524
37 1178
37 983
37 822
37 61
37 624
37 502
37 77
37 430
37 71
37 178
37 770
37 362
37 618
37 32
37 474
37 766
37 280
67 852
67 1099
67 524
67 1178
67 983
67 822
67 61
67 624
67 502
67 77
67 430
67 71
67 178
67 770
67 362
67 618
67 32
67 474
67 766
67 280
313 852
313 1099
313 524
313 1178
313 983
313 822
313 61
313 624
313 502
313 77
313 430
313 71
313 178
313 770
313 362
313 618
313 32
313 474
313 766
313 280
302 548
302 1091
302 631
302 206
302 375
302 593
302 174
302 80
302 567
302 33
302 319
307 803
307 206
307 1114
60 852
60 1099
60 524
60 1178
60 983
60 822
60 61
60 624
60 502
60 77
60 430
60 71
60 178
60 280
60 766
60 362
60 618
60 32
60 474
60 770
36 852
36 1099
36 524
36 1178
36 983
36 822
36 61
36 624
36 502
36 77
36 430
36 71
36 178
36 770
36 362
36 618
36 32
36 474
36 766
36 280
86 1067
86 267
143 429
258 796
258 119
258 381
258 691
258 602
135 852
135 1099
135 524
135 1178
135 983
135 822
135 61
135 624
135 502
135 77
135 430
135 71
135 178
135 362
135 618
135 32
135 474
135 766
135 280
135 770
255 1060
255 827
255 602
193 548
193 1091
193 631
193 206
193 375
193 593
193 174
193 80
193 567
193 33
193 319
51 1073
51 855
51 819
51 511
51 541
51 678
51 255
51 675
51 328
51 195
51 134
51 432
51 94
51 38
51 622
51 185
51 737
51 345
51 648
51 588
51 133
116 814
116 1159
116 455
251 852
251 1099
251 524
251 1178
251 983
251 822
251 61
251 624
251 502
251 77
251 430
251 71
251 178
251 362
251 618
251 32
251 474
251 766
251 280
251 770
294 803
294 206
294 1114
263 852
263 1099
263 524
263 1178
263 983
263 822
263 61
263 624
263 502
263 77
263 430
263 71
263 178
263 362
263 618
263 32
263 474
263 766
263 280
263 770
256 828
256 622
256 1051
39 852
39 1099
39 524
39 1178
39 983
39 822
39 61
39 624
39 502
39 77
39 430
39 71
39 178
39 362
39 618
39 32
39 474
39 766
39 280
39 770
59 219
317 1080
317 345
293 548
293 1091
293 631
293 206
293 375
293 593
293 174
293 80
293 567
293 33
293 319
301 1073
301 855
301 819
301 511
301 541
301 678
301 255
301 675
301 328
301 195
301 134
301 432
301 94
301 38
301 622
301 185
301 737
301 345
301 648
301 588
301 133
184 814
184 1159
184 455
210 195
210 588
210 38
213 814
213 1159
213 455
183 803
183 206
183 1114
219 852
219 1099
219 524
219 1178
219 983
219 822
219 61
219 624
219 502
219 77
219 430
219 71
219 178
219 362
219 618
219 32
219 474
219 766
219 280
219 770
26 133
26 925
78 852
78 1099
78 524
78 1178
78 983
78 822
78 61
78 624
78 502
78 77
78 430
78 71
78 178
78 362
78 618
78 32
78 474
78 766
78 280
78 770
164 548
164 1091
164 631
164 206
164 375
164 593
164 174
164 80
164 567
164 33
164 319
146 852
146 1099
146 524
146 1178
146 983
146 822
146 61
146 624
146 502
146 77
146 430
146 71
146 178
146 770
146 362
146 618
146 32
146 474
146 766
146 280
260 611
260 131
168 375
168 991
168 80
269 852
269 1099
269 524
269 1178
269 983
269 822
269 61
269 624
269 502
269 77
269 430
269 71
269 178
269 770
269 362
269 618
269 32
269 474
269 766
269 280
110 548
110 1091
110 631
110 206
110 375
110 593
110 174
110 80
110 567
110 33
110 319
105 35
105 842
105 511
105 524
105 328
105 94
105 38
105 134
105 362
105 541
105 61
105 195
105 622
105 502
105 624
105 618
105 185
105 32
105 678
105 255
105 178
105 737
105 474
105 675
105 77
105 766
105 345
105 432
105 280
105 430
105 648
105 588
105 770
105 71
105 133
132 794
132 894
132 39
201 852
201 1099
201 524
201 1178
201 983
201 822
201 61
201 624
201 502
201 77
201 430
201 71
201 178
201 770
201 280
201 766
201 474
201 32
201 618
201 362
214 1073
214 855
214 819
214 511
214 541
214 678
214 255
214 675
214 328
214 195
214 134
214 432
214 133
214 588
214 648
214 345
214 737
214 185
214 622
214 38
214 94
127 548
127 1091
127 631
127 206
127 375
127 593
127 174
127 80
127 567
127 33
127 319
222 548
222 1091
222 631
222 206
222 375
222 593
222 174
222 80
222 567
222 33
222 319
208 1060
208 827
208 602
125 814
125 1159
125 455
71 852
71 1099
71 524
71 1178
71 983
71 822
71 61
71 624
71 502
71 77
71 430
71 71
71 178
71 362
71 618
71 32
71 474
71 766
71 280
71 770
284 814
284 1159
284 455
73 588
73 961
92 548
92 1091
92 631
92 206
92 375
92 593
92 319
92 33
92 567
92 80
92 174
41 852
41 1099
41 524
41 1178
41 983
41 822
41 61
41 624
41 502
41 77
41 430
41 71
41 178
41 362
41 618
41 32
41 474
41 766
41 280
41 770
55 548
55 1091
55 631
55 206
55 375
55 593
55 174
55 80
55 567
55 33
55 319
282 548
282 1091
282 631
282 206
282 375
282 593
282 174
282 80
282 567
282 33
282 319
310 548
310 1091
310 631
310 206
310 375
310 593
310 174
310 80
310 567
310 33
310 319
35 852
35 1099
35 524
35 1178
35 983
35 822
35 61
35 624
35 502
35 77
35 430
35 71
35 178
35 362
35 618
35 32
35 474
35 766
35 280
35 770
195 934
195 134
195 133
12 474
99 133
99 925
115 803
115 206
115 1114
318 852
318 1099
318 524
318 1178
318 983
318 822
318 61
318 624
318 502
318 77
318 430
318 71
318 178
318 362
318 618
318 32
318 474
318 766
318 280
318 770
239 1113
239 675
117 548
117 1091
117 631
117 206
117 375
117 593
117 174
117 80
117 567
117 33
117 319
74 1073
74 855
74 819
74 511
74 541
74 678
74 255
74 675
74 328
74 195
74 134
74 432
74 94
74 38
74 622
74 185
74 737
74 345
74 648
74 588
74 133
182 1082
182 457
120 852
120 1099
120 524
120 1178
120 983
120 822
120 61
120 624
120 502
120 77
120 430
120 71
120 178
120 362
120 618
120 32
120 474
120 766
120 280
120 770
202 768
202 1048
202 804
202 283
202 712
202 473
57 852
57 1099
57 524
57 1178
57 983
57 822
57 61
57 624
57 502
57 77
57 430
57 71
57 178
57 770
57 362
57 618
57 32
57 474
57 766
57 280
24 548
24 1091
24 631
24 206
24 375
24 593
24 174
24 80
24 567
24 33
24 319
283 803
283 206
283 1114
40 852
40 1099
40 524
40 1178
40 983
40 822
40 61
40 624
40 502
40 77
40 430
40 71
40 178
40 280
40 766
40 362
40 618
40 32
40 474
40 770
316 852
316 1099
316 524
316 1178
316 983
316 822
316 61
316 624
316 502
316 77
316 430
316 71
316 178
316 280
316 766
316 362
316 618
316 32
316 474
316 770
231 768
231 1048
231 804
231 283
231 712
231 473
177 548
177 1091
177 631
177 206
177 375
177 593
177 174
177 80
177 567
177 33
177 319
31 799
31 1101
31 174
186 548
186 1091
186 631
186 206
186 375
186 593
186 174
186 80
186 567
186 33
186 319
265 805
265 255
265 737
265 185
265 622
211 852
211 1099
211 524
211 1178
211 983
211 822
211 61
211 624
211 502
211 77
211 430
211 71
211 178
211 770
211 362
211 618
211 32
211 474
211 766
211 280
108 548
108 1091
108 631
108 206
108 375
108 593
108 174
108 80
108 567
108 33
108 319
144 375
144 991
144 80
20 548
20 1091
20 631
20 206
20 375
20 593
20 174
20 80
20 567
20 33
20 319
305 852
305 1099
305 524
305 1178
305 983
305 822
305 61
305 624
305 502
305 77
305 430
305 71
305 178
305 362
305 618
305 32
305 474
305 766
305 280
305 770
128 548
128 1091
128 631
128 206
128 375
128 593
128 174
128 80
128 567
128 33
128 319
152 852
152 1099
152 524
152 1178
152 983
152 822
152 61
152 624
152 502
152 77
152 430
152 71
152 178
152 770
152 362
152 618
152 32
152 474
152 766
152 280
14 852
14 1099
14 524
14 1178
14 983
14 822
14 61
14 624
14 502
14 77
14 430
14 71
14 178
14 280
14 362
14 618
14 32
14 474
14 766
14 770
32 803
32 206
32 1114
